journal	n	included
1	50640	30621
2	557	76
3	124	75
4	1326	375
5	8	0
6	293	114
7	505	0
8	431	170
9	71	0
10	352	92
11	176	0
12	1	0
13	227	0
14	7249	5249
15	834	7
16	22	0
17	30	0
18	9	0
19	506	0
20	545	0
21	73	0
22	851	394
23	331	0
24	287	105
25	297	0
26	227	0
27	41	0
28	142	0
29	152	0
30	1065	0
31	2547	1195
32	173	0
33	1019	227
34	152	0
35	38	0
36	42	0
37	51	28
38	313	192
39	1290	0
40	12	2
41	306	0
42	20	1
43	634	142
44	62	29
45	10	0
46	16	0
47	42	0
48	1104	0
49	19	0
50	66	26
51	1028	0
52	63	0
53	151	0
54	277	171
55	136	56
56	563	304
57	57	0
58	249	0
59	80	0
60	187	0
61	92	38
62	45	0
63	7	2
64	481	0
65	135	0
66	99	0
67	809	362
68	46	0
69	58	0
70	53	0
71	19	0
72	245	0
73	194	0
74	6	0
75	32	0
76	157	0
77	89	32
78	1231	0
79	38	0
80	60	0
81	51	0
82	410	1
83	1347	0
84	50	0
85	36	0
86	115	0
87	267	0
88	108	0
89	1	0
90	222	145
91	127	42
92	34	12
93	348	0
94	56	0
95	2597	0
96	20	0
97	94	34
98	16	0
99	55	0
100	160	0
101	77	2
102	21	0
103	1	0
104	162	55
105	89	0
106	46	0
107	20	0
108	815	439
109	80	0
110	337	0
111	2	0
112	33	0
113	60	0
114	198	0
115	253	0
116	77	0
117	131	112
118	359	1
119	155	0
120	224	0
121	36	11
122	51	29
123	176	0
124	17	5
125	362	60
126	122	0
127	414	3
128	221	84
129	11	0
130	3	0
131	220	85
132	72	0
133	6	0
134	146	0
135	219	107
136	148	0
137	84	0
138	9	0
139	226	140
140	389	0
141	350	4
142	827	238
143	16	0
144	357	0
145	389	0
146	161	0
147	170	48
148	244	0
149	139	0
150	25	8
151	2	0
152	15	0
153	565	7
154	96	0
155	49	0
156	10	0
157	43	28
158	259	0
159	84	0
160	83	0
161	83	0
162	48	0
163	124	0
164	412	63
165	1296	747
166	17	7
167	656	214
168	749	160
169	45	0
170	76	0
171	34	0
172	287	0
173	33	0
174	2598	1702
175	184	0
176	733	242
177	695	423
178	80	0
179	33	0
180	42	0
181	16	3
182	4	0
183	211	1
184	20	7
185	97	0
186	555	2
187	181	0
188	2317	1501
189	829	514
190	42	0
191	68	20
192	90	27
193	11	0
194	48	0
195	67	0
196	51	10
197	18	3
198	72	0
199	389	115
200	3	0
201	1779	789
202	175	0
203	62	38
204	183	33
205	146	92
206	1091	420
207	506	0
208	415	165
209	99	0
210	181	0
211	229	0
212	10	0
213	104	0
214	302	0
215	29	0
216	79	18
217	15	0
218	6	1
219	336	0
220	15	0
221	23	0
222	982	91
223	637	0
224	297	0
225	1545	674
226	322	201
227	7	0
228	46	0
229	8	0
230	102	47
231	958	0
232	100	50
233	367	264
234	353	212
235	1652	1040
236	70	42
237	434	179
238	396	23
239	295	215
240	1199	686
241	10	0
242	242	33
243	19	0
244	265	0
245	14	0
246	111	0
247	921	262
248	62	9
249	5398	3620
250	78	0
251	1361	345
252	3729	2329
253	212	0
254	116	39
255	356	203
256	174	0
257	124	76
258	1190	12
259	145	37
260	3097	2300
261	27	0
262	198	0
263	10	0
264	1413	850
265	77	2
266	1613	792
267	2290	1223
268	111	82
269	123	75
270	125	0
271	84	0
272	236	15
273	638	0
274	198	77
275	1193	762
276	202	134
277	263	55
278	5270	2878
279	2242	929
280	780	345
281	893	254
282	63	52
283	3569	46
284	987	607
285	1	0
286	14	0
287	340	58
288	1120	669
289	216	28
290	1770	1183
291	2515	1632
292	973	523
293	32	11
294	27	0
295	3799	2544
296	17	0
297	22	0
298	49	0
299	68	0
300	351	30
301	201	0
302	436	312
303	473	151
304	537	366
305	426	290
306	1540	144
307	93	56
308	562	192
309	459	169
310	2122	1407
311	9	0
312	22	0
313	1	0
314	447	344
315	687	457
316	998	483
317	164	75
318	957	578
319	311	126
320	1740	0
321	1534	854
322	462	0
323	2	0
324	33	0
325	85	0
326	70	0
327	776	150
328	162	56
329	310	84
330	24	0
331	314	188
332	1402	1064
333	648	387
334	86	0
335	188	78
336	722	205
337	734	5
338	13	0
339	17	5
340	92	11
341	235	1
342	2248	1311
343	563	59
344	41	16
345	438	0
346	412	267
347	3417	2256
348	429	140
349	67	0
350	67	3
351	1327	872
352	289	164
353	396	125
354	112	30
355	309	112
356	733	291
357	396	245
358	161	47
359	1702	1222
360	94	64
361	8	0
362	135	95
363	547	209
364	114	0
365	640	282
366	1305	931
367	36	0
368	6	0
369	102	0
370	766	366
371	418	291
372	816	441
373	4618	3416
374	204	134
375	28	0
376	50	25
377	64	0
378	279	85
379	743	243
380	5	0
381	271	115
382	361	0
383	555	288
384	1711	1176
385	125	25
386	362	1
387	171	0
388	948	479
389	181	72
390	24	0
391	1010	419
392	352	240
393	1342	254
394	58	43
395	225	0
396	1503	994
397	300	0
398	2088	4
399	342	114
400	2400	1684
401	263	91
402	2037	1040
403	79	0
404	759	305
405	72	0
406	1731	980
407	177	0
408	444	145
409	317	113
410	1166	641
411	49	0
412	467	104
413	891	348
414	301	210
415	346	0
416	30	0
417	298	250
418	10	0
419	3198	941
420	136	44
421	1360	892
422	231	157
423	74	27
424	49	0
425	1178	692
426	626	204
427	29	0
428	154	118
429	151	35
430	317	142
431	134	72
432	422	256
433	25	4
434	52	0
435	294	99
436	2	1
437	22	0
438	1401	704
439	34	0
440	166	71
441	121	48
442	455	312
443	1167	804
444	1711	973
445	133	58
446	237	87
447	677	483
448	721	0
449	321	220
450	1548	707
451	583	380
452	425	0
453	724	461
454	540	179
455	248	142
456	111	51
457	614	425
458	61	0
459	45	0
460	1105	786
461	2016	1020
462	667	255
463	27	10
464	278	128
465	406	306
466	6	0
467	106	0
468	78	34
469	2523	1574
470	76	35
471	36	25
472	20	0
473	55	13
474	701	510
475	517	162
476	1203	616
477	297	185
478	71	0
479	322	1
480	214	38
481	1962	4
482	59	0
483	371	204
484	322	92
485	6789	4759
486	1149	657
487	32	28
488	141	0
489	127	0
490	5	0
491	2203	1542
492	279	0
493	1278	896
494	2	0
495	17	3
496	201	0
497	191	0
498	120	15
499	4	1
500	17	0
501	128	0
502	109	24
503	258	75
504	3661	2643
505	1192	782
506	785	244
507	682	542
508	252	1
509	153	0
510	790	375
511	492	0
512	442	229
513	595	161
514	607	235
515	1401	9
516	1140	842
517	825	11
518	142	29
519	35	0
520	51	9
521	399	280
522	253	78
523	307	0
524	10	1
525	307	0
526	485	320
527	214	0
528	9	0
529	263	151
530	753	340
531	394	165
532	71	19
533	19	0
534	1205	475
535	36	0
536	2959	1438
537	126	86
538	2937	1777
539	254	187
540	357	130
541	545	31
542	88	55
543	119	42
544	310	180
545	256	78
546	169	0
547	979	503
548	2778	1702
549	110	76
550	1304	888
551	53	0
552	311	218
553	2	1
554	133	46
555	62	0
556	409	179
557	214	67
558	361	136
559	31	13
560	407	158
561	15	6
562	109	46
563	38	0
564	462	290
565	125	72
566	58	24
567	1022	358
568	1155	678
569	2015	1316
570	2720	1329
571	33	0
572	369	0
573	181	105
574	197	0
575	324	85
576	138	73
577	2013	892
578	281	90
579	74	0
580	77	0
581	1733	1169
582	266	71
583	29	16
584	41	0
585	803	532
586	515	327
587	154	107
588	105	75
589	111	0
590	77	0
591	3	0
592	126	92
593	1462	13
594	2274	1608
595	271	8
596	636	297
597	56	0
598	702	409
599	49	19
600	214	144
601	477	0
602	321	65
603	77	0
604	11	1
605	1607	895
606	89	28
607	2701	1520
608	2	0
609	106	31
610	356	190
611	3306	568
612	27	4
613	558	232
614	356	145
615	101	0
616	1852	680
617	360	144
618	245	46
619	238	48
620	225	77
621	368	90
622	241	0
623	286	180
624	294	193
625	216	152
626	62	0
627	730	193
628	151	112
629	179	113
630	2240	1596
631	963	390
632	334	119
633	244	182
634	1092	0
635	2285	1491
636	476	0
637	749	574
638	108	29
639	276	105
640	685	384
641	10	0
642	191	110
643	2718	1426
644	5113	3370
645	591	237
646	893	605
647	80	0
648	52	27
649	3662	2407
650	1264	14
651	172	87
652	208	0
653	6	0
654	138	0
655	305	221
656	48	18
657	536	245
658	1421	1024
659	52	30
660	1152	560
661	182	92
662	72	0
663	95	0
664	3130	1290
665	641	230
666	429	121
667	1242	728
668	866	483
669	349	166
670	10	5
671	384	147
672	513	187
673	44	0
674	31	10
675	191	0
676	104	69
677	76	0
678	776	454
679	8	1
680	29	10
681	33	0
682	321	1
683	843	390
684	246	1
685	696	265
686	21	0
687	2	0
688	782	0
689	38	11
690	144	89
691	952	573
692	716	524
693	303	171
694	875	505
695	135	78
696	558	103
697	45	11
698	15	6
699	79	37
700	127	3
701	796	429
702	413	270
703	554	262
704	123	68
705	84	0
706	115	47
707	864	481
708	25	0
709	1124	448
710	54	0
711	601	345
712	1080	672
713	1800	1079
714	253	71
715	757	476
716	28	0
717	1089	728
718	2163	1274
719	165	64
720	132	62
721	1479	13
722	269	68
723	231	64
724	1573	0
725	519	236
726	693	462
727	742	475
728	320	149
729	83	0
730	192	0
731	863	4
732	4	0
733	181	57
734	17	0
735	207	97
736	425	209
737	84	0
738	25	14
739	179	97
740	181	61
741	175	0
742	556	354
743	172	115
744	768	373
745	72	0
746	248	76
747	307	126
748	807	452
749	705	470
750	755	434
751	244	80
752	469	353
753	68	53
754	829	223
755	1608	1148
756	2007	1308
757	490	181
758	4	3
759	2090	984
760	17	5
761	57	20
762	831	557
763	2791	1851
764	1556	1130
765	1023	580
766	140	100
767	123	0
768	2824	1428
769	101	48
770	1478	996
771	1390	1056
772	1152	921
773	5	3
774	120	1
775	841	595
776	161	105
777	34	19
778	708	0
779	3	0
780	153	42
781	59	39
782	51	19
783	134	4
784	1935	1121
785	841	438
786	2404	1561
787	167	118
788	33	7
789	39	20
790	359	130
791	129	0
792	154	7
793	224	85
794	7	0
795	1119	773
796	122	0
797	8	4
798	199	76
799	61	0
800	814	575
801	1281	904
802	285	4
803	120	54
804	478	140
805	7	0
806	16	0
807	87	24
808	280	212
809	3884	1879
810	16	0
811	1111	469
812	146	43
813	3644	2227
814	49	39
815	137	0
816	50	0
817	283	100
818	246	153
819	318	6
820	132	1
821	49	16
822	76	29
823	18	0
824	12	0
825	137	65
826	451	242
827	4211	2806
828	546	190
829	227	121
830	49	25
831	349	21
832	19	0
833	401	220
834	221	131
835	1294	919
836	27	6
837	376	125
838	544	371
839	340	114
840	549	306
841	78	42
842	413	221
843	25	15
844	17	3
845	1175	833
846	96	0
847	598	426
848	128	0
849	1567	1068
850	325	0
851	312	165
852	85	0
853	31	15
854	15	8
855	524	372
856	1229	460
857	112	0
858	1299	981
859	10	0
860	46	0
861	745	527
862	173	55
863	1020	638
864	23	1
865	16	0
866	1542	1
867	152	0
868	1	0
869	30	0
870	374	205
871	727	194
872	456	295
873	946	608
874	594	244
875	249	116
876	49	23
877	2529	1546
878	764	0
879	206	0
880	66	0
881	309	219
882	155	0
883	105	61
884	377	291
885	4	0
886	83	63
887	82	0
888	35	0
889	118	80
890	17	0
891	110	51
892	205	120
893	971	704
894	352	111
895	274	188
896	267	94
897	450	159
898	687	246
899	2070	1213
900	814	551
901	64	23
902	102	58
903	1194	808
904	219	57
905	168	50
906	31	0
907	288	121
908	1098	739
909	77	34
910	99	70
911	112	33
912	180	102
913	161	80
914	1459	1102
915	459	150
916	203	53
917	1845	1432
918	289	0
919	400	225
920	87	0
921	48	0
922	102	0
923	410	310
924	658	222
925	361	173
926	19	10
927	199	98
928	69	0
929	36	0
930	7	1
931	191	0
932	16	0
933	1976	1518
934	73	0
935	59	0
936	99	0
937	93	55
938	2757	1288
939	1714	1188
940	654	486
941	320	0
942	10	9
943	204	120
944	2317	924
945	658	442
946	42	17
947	4	0
948	106	49
949	2873	2098
950	209	95
951	564	255
952	26	0
953	78	52
954	253	188
955	23	0
956	309	155
957	249	0
958	625	476
959	1971	1485
960	150	0
961	160	112
962	956	605
963	216	0
964	349	185
965	70	46
966	868	172
967	1584	1110
968	356	263
969	674	451
970	317	207
971	95	0
972	504	102
973	1329	908
974	242	180
975	46	0
976	45	0
977	24	0
978	119	35
979	418	296
980	46	22
981	97	65
982	1890	1323
983	138	29
984	333	168
985	83	0
986	284	221
987	13	0
988	69	51
989	367	128
990	1127	804
991	797	71
992	668	486
993	1963	1252
994	1417	968
995	4059	1993
996	203	122
997	536	370
998	2870	1077
999	779	313
1000	332	0
1001	385	271
1002	2638	1987
1003	517	200
1004	905	624
1005	270	0
1006	121	28
1007	74	25
1008	20	0
1009	290	0
1010	1654	1
1011	65	21
1012	29	23
1013	2930	1606
1014	796	577
1015	85	16
1016	60	0
1017	367	267
1018	291	193
1019	236	77
1020	179	31
1021	90	49
1022	23	8
1023	375	250
1024	431	0
1025	113	61
1026	607	460
1027	850	623
1028	542	273
1029	466	247
1030	262	131
1031	140	22
1032	1117	528
1033	28	0
1034	175	0
1035	9	0
1036	41	0
1037	313	123
1038	608	308
1039	183	114
1040	660	382
1041	56	36
1042	75	0
1043	204	60
1044	244	161
1045	57	37
1046	44	0
1047	806	606
1048	1927	1282
1049	1855	1367
1050	75	35
1051	84	33
1052	603	439
1053	15	10
1054	2457	373
1055	367	21
1056	1179	719
1057	111	0
1058	348	242
1059	90	47
1060	1291	923
1061	59	31
1062	249	151
1063	156	81
1064	276	123
1065	513	222
1066	331	239
1067	34	0
1068	59	33
1069	34	0
1070	973	638
1071	174	134
1072	36	0
1073	189	54
1074	210	138
1075	869	694
1076	67	32
1077	496	277
1078	1150	411
1079	512	360
1080	573	380
1081	409	290
1082	686	379
1083	64	28
1084	110	68
1085	177	97
1086	100	64
1087	1751	1191
1088	3336	2371
1089	441	0
1090	251	170
1091	137	107
1092	239	0
1093	4918	3439
1094	14	5
1095	271	178
1096	3652	2808
1097	544	258
1098	15	0
1099	49	0
1100	939	538
1101	319	234
1102	645	439
1103	238	130
1104	89	23
1105	1434	730
1106	116	75
1107	207	170
1108	890	628
1109	15	7
1110	1346	1007
1111	26	0
1112	119	44
1113	384	44
1114	91	0
1115	746	415
1116	176	112
1117	365	227
1118	538	412
1119	3510	5
1120	449	314
1121	8	3
1122	28	5
1123	70	42
1124	25	0
1125	314	0
1126	201	99
1127	314	169
1128	730	12
1129	475	310
1130	2266	1549
1131	40	0
1132	14	5
1133	74	6
1134	295	180
1135	1521	0
1136	316	1
1137	166	1
1138	289	0
1139	151	41
1140	2974	1146
1141	5	2
1142	132	0
1143	58	30
1144	822	608
1145	54	28
1146	813	523
1147	332	238
1148	775	1
1149	179	134
1150	37	0
1151	273	192
1152	194	110
1153	249	189
1154	128	0
1155	6	0
1156	3801	2265
1157	147	113
1158	162	80
1159	122	44
1160	124	11
1161	171	108
1162	206	2
1163	5	0
1164	398	340
1165	35	28
1166	110	71
1167	19	0
1168	281	95
1169	11	0
1170	22	12
1171	247	172
1172	445	0
1173	680	440
1174	169	114
1175	232	172
1176	429	0
1177	624	57
1178	86	22
1179	1180	763
1180	14	0
1181	265	25
1182	62	36
1183	459	62
1184	583	1
1185	663	0
1186	599	19
1187	540	52
1188	894	644
1189	9	0
1190	254	137
1191	1197	744
1192	162	95
1193	511	314
1194	49	23
1195	21	0
1196	443	308
1197	300	235
1198	1037	814
1199	170	127
1200	214	65
1201	468	376
1202	60	0
1203	16	0
1204	213	0
1205	1174	881
1206	122	49
1207	14	10
1208	426	331
1209	125	100
1210	326	202
1211	81	48
1212	11	5
1213	74	67
1214	1063	385
1215	697	346
1216	1246	807
1217	6	0
1218	317	140
1219	1956	1410
1220	335	253
1221	1209	862
1222	6	1
1223	1310	895
1224	343	243
1225	11	5
1226	383	292
1227	308	177
1228	74	0
1229	107	0
1230	123	1
1231	904	546
1232	62	0
1233	164	71
1234	1551	1092
1235	359	230
1236	1794	11
1237	549	231
1238	104	83
1239	82	57
1240	1213	755
1241	59	0
1242	231	53
1243	1155	807
1244	138	88
1245	50	0
1246	60	25
1247	455	266
1248	1074	874
1249	263	175
1250	668	3
1251	722	423
1252	157	125
1253	882	600
1254	433	318
1255	348	250
1256	259	119
1257	21	2
1258	66	0
1259	1003	747
1260	7763	3353
1261	1081	588
1262	185	151
1263	2380	1509
1264	171	56
1265	67	45
1266	131	0
1267	1710	1290
1268	455	288
1269	1537	255
1270	797	597
1271	257	134
1272	646	435
1273	3	0
1274	265	171
1275	19	9
1276	12	6
1277	2211	1024
1278	4542	2786
1279	1754	1320
1280	358	219
1281	664	222
1282	696	484
1283	435	315
1284	800	110
1285	32	0
1286	126	60
1287	140	2
1288	12	7
1289	76	21
1290	86	56
1291	671	465
1292	773	346
1293	330	37
1294	358	181
1295	96	54
1296	280	0
1297	177	124
1298	518	324
1299	135	0
1300	559	322
1301	24	0
1302	109	89
1303	27	15
1304	206	91
1305	36	19
1306	2327	1311
1307	2	0
1308	112	65
1309	79	39
1310	21	17
1311	25	0
1312	8	0
1313	643	382
1314	1541	838
1315	132	68
1316	145	96
1317	185	22
1318	151	89
1319	56	0
1320	17	6
1321	105	58
1322	74	25
1323	92	0
1324	490	339
1325	600	486
1326	13	9
1327	214	118
1328	304	82
1329	121	62
1330	516	354
1331	755	455
1332	380	186
1333	110	83
1334	846	574
1335	1885	1410
1336	194	104
1337	1123	520
1338	7	3
1339	493	374
1340	216	0
1341	586	406
1342	271	142
1343	592	244
1344	34	7
1345	8157	5
1346	1324	999
1347	1049	706
1348	160	0
1349	196	0
1350	278	213
1351	351	0
1352	53	35
1353	696	391
1354	905	0
1355	269	108
1356	570	306
1357	93	49
1358	54	34
1359	1638	667
1360	1065	541
1361	339	213
1362	743	61
1363	708	357
1364	83	64
1365	714	1
1366	44	0
1367	109	62
1368	2429	1679
1369	21	0
1370	276	61
1371	88	0
1372	41	21
1373	48	28
1374	311	0
1375	257	1
1376	273	0
1377	18	6
1378	443	270
1379	114	0
1380	45	15
1381	127	42
1382	5	0
1383	2271	1551
1384	139	71
1385	8	0
1386	1957	810
1387	31	22
1388	699	403
1389	175	51
1390	97	61
1391	577	393
1392	3384	0
1393	191	125
1394	173	126
1395	1234	873
1396	167	0
1397	178	135
1398	452	336
1399	60	39
1400	135	53
1401	222	71
1402	245	137
1403	431	321
1404	36	0
1405	391	184
1406	127	50
1407	41	27
1408	395	0
1409	275	181
1410	518	293
1411	668	433
1412	246	72
1413	323	208
1414	49	19
1415	252	181
1416	721	511
1417	181	115
1418	64	33
1419	811	510
1420	53	0
1421	276	197
1422	144	67
1423	22	18
1424	48	28
1425	1836	1294
1426	464	344
1427	55	0
1428	2089	1612
1429	91	0
1430	2359	1603
1431	775	404
1432	85	34
1433	904	552
1434	301	219
1435	594	408
1436	416	243
1437	178	130
1438	255	112
1439	67	28
1440	47	0
1441	5	0
1442	972	0
1443	429	264
1444	5	0
1445	92	62
1446	1071	604
1447	359	217
1448	404	308
1449	418	242
1450	659	489
1451	411	262
1452	599	436
1453	24	5
1454	558	400
1455	364	5
1456	107	77
1457	485	49
1458	199	138
1459	494	260
1460	426	218
1461	2293	788
1462	1337	2
1463	156	100
1464	216	64
1465	435	0
1466	91	0
1467	286	182
1468	160	61
1469	153	84
1470	28	16
1471	687	371
1472	407	225
1473	3910	1335
1474	58	36
1475	1080	557
1476	995	676
1477	307	1
1478	359	178
1479	476	58
1480	470	271
1481	246	130
1482	12	6
1483	3380	2029
1484	24	7
1485	224	69
1486	282	0
1487	1179	656
1488	735	574
1489	1435	7
1490	57	0
1491	505	238
1492	421	200
1493	156	106
1494	115	57
1495	525	379
1496	380	134
1497	1707	1006
1498	208	93
1499	280	127
1500	35	0
1501	241	154
1502	1599	556
1503	775	500
1504	414	205
1505	428	328
1506	1954	730
1507	41	26
1508	117	52
1509	137	74
1510	566	394
1511	346	202
1512	3802	2532
1513	64	0
1514	1210	868
1515	173	127
1516	1056	651
1517	121	37
1518	987	1
1519	31	17
1520	340	253
1521	1292	11
1522	704	432
1523	1228	908
1524	235	0
1525	620	94
1526	24	0
1527	834	630
1528	355	199
1529	143	84
1530	1465	820
1531	843	433
1532	819	0
1533	24	10
1534	238	155
1535	332	0
1536	381	256
1537	13	5
1538	19	0
1539	464	1
1540	1	0
1541	1749	6
1542	88	39
1543	836	508
1544	243	180
1545	175	110
1546	794	515
1547	546	240
1548	1627	1159
1549	14	0
1550	140	88
1551	492	219
1552	109	73
1553	150	53
1554	452	335
1555	292	182
1556	60	21
1557	175	0
1558	230	0
1559	385	217
1560	656	490
1561	469	2
1562	9	0
1563	91	62
1564	30	20
1565	231	0
1566	85	0
1567	303	186
1568	295	147
1569	583	392
1570	382	0
1571	444	331
1572	756	481
1573	54	0
1574	120	67
1575	916	509
1576	566	413
1577	113	0
1578	530	378
1579	216	0
1580	2074	1328
1581	368	219
1582	532	344
1583	48	15
1584	166	0
1585	491	328
1586	219	115
1587	280	218
1588	468	252
1589	413	81
1590	117	0
1591	60	24
1592	96	5
1593	806	546
1594	155	0
1595	34	9
1596	153	51
1597	17	5
1598	678	269
1599	249	204
1600	594	19
1601	374	275
1602	500	160
1603	78	0
1604	1139	866
1605	325	241
1606	51	19
1607	361	227
1608	22	8
1609	149	113
1610	486	260
1611	70	39
1612	222	48
1613	1111	706
1614	149	98
1615	788	416
1616	1235	0
1617	195	151
1618	88	62
1619	1732	43
1620	38	29
1621	1473	1016
1622	1119	733
1623	2490	4
1624	134	67
1625	1103	621
1626	315	0
1627	305	187
1628	346	203
1629	120	0
1630	82	35
1631	131	97
1632	1168	791
1633	69	0
1634	28	18
1635	425	317
1636	559	466
1637	214	173
1638	921	645
1639	322	149
1640	51	15
1641	246	0
1642	2110	1387
1643	119	40
1644	66	46
1645	13	0
1646	680	398
1647	389	266
1648	540	374
1649	1017	545
1650	848	564
1651	555	319
1652	824	276
1653	260	167
1654	275	166
1655	7	0
1656	56	23
1657	894	573
1658	471	253
1659	284	210
1660	206	0
1661	353	135
1662	522	312
1663	646	457
1664	510	400
1665	83	0
1666	2077	1429
1667	463	208
1668	492	330
1669	191	100
1670	194	41
1671	181	108
1672	520	342
1673	439	5
1674	5604	1831
1675	1434	614
1676	89	61
1677	673	410
1678	579	145
1679	372	150
1680	51	22
1681	282	189
1682	132	94
1683	330	242
1684	498	388
1685	397	289
1686	629	417
1687	1106	746
1688	805	405
1689	455	317
1690	5974	3707
1691	38	8
1692	396	271
1693	582	424
1694	164	0
1695	183	0
1696	542	340
1697	148	20
1698	56	46
1699	3	0
1700	150	25
1701	368	127
1702	1025	1
1703	69	23
1704	200	113
1705	1198	865
1706	613	414
1707	2439	900
1708	13	8
1709	29	0
1710	21	0
1711	41	28
1712	183	61
1713	212	121
1714	520	381
1715	701	375
1716	185	124
1717	960	390
1718	1060	756
1719	16	7
1720	272	128
1721	245	0
1722	893	418
1723	204	153
1724	658	417
1725	21	8
1726	1276	645
1727	2428	1183
1728	1502	837
1729	2597	1382
1730	237	183
1731	6	0
1732	175	93
1733	42	7
1734	186	121
1735	2050	1140
1736	341	200
1737	564	63
1738	466	265
1739	9	7
1740	568	302
1741	622	466
1742	453	337
1743	159	72
1744	189	113
1745	88	40
1746	222	0
1747	30	9
1748	371	304
1749	395	193
1750	466	267
1751	115	0
1752	262	207
1753	281	96
1754	396	204
1755	331	227
1756	568	333
1757	446	333
1758	2001	1139
1759	143	54
1760	119	55
1761	172	38
1762	424	264
1763	302	144
1764	1756	1175
1765	715	579
1766	1322	683
1767	128	70
1768	1855	962
1769	1747	3
1770	744	5
1771	1111	637
1772	965	652
1773	104	3
1774	767	501
1775	23	7
1776	2421	1226
1777	636	0
1778	112	60
1779	166	113
1780	383	231
1781	797	11
1782	370	243
1783	65	33
1784	1091	612
1785	43	30
1786	443	285
1787	540	1
1788	250	158
1789	1647	1007
1790	412	175
1791	108	97
1792	903	14
1793	249	153
1794	92	52
1795	343	139
1796	99	49
1797	2879	1414
1798	147	0
1799	36	16
1800	1880	989
1801	73	0
1802	358	264
1803	167	0
1804	9	0
1805	337	125
1806	93	30
1807	548	358
1808	633	276
1809	466	326
1810	1886	1279
1811	1155	620
1812	282	37
1813	86	44
1814	1204	2
1815	234	170
1816	4	2
1817	464	312
1818	718	505
1819	322	225
1820	317	201
1821	458	334
1822	275	213
1823	248	151
1824	1353	1026
1825	606	388
1826	22	10
1827	2	0
1828	259	184
1829	1670	684
1830	170	112
1831	70	30
1832	52	0
1833	628	223
1834	95	2
1835	44	21
1836	573	346
1837	169	45
1838	144	0
1839	2525	1411
1840	591	324
1841	1558	706
1842	132	82
1843	379	256
1844	60	16
1845	42	0
1846	13	7
1847	212	146
1848	57	24
1849	442	263
1850	370	254
1851	4	0
1852	1442	1046
1853	1776	769
1854	26	0
1855	1624	21
1856	23	0
1857	562	311
1858	853	570
1859	186	85
1860	308	263
1861	38	16
1862	1135	833
1863	78	46
1864	334	128
1865	317	181
1866	353	104
1867	1286	841
1868	1415	444
1869	284	6
1870	235	126
1871	1402	408
1872	75	0
1873	1088	656
1874	539	365
1875	526	421
1876	24	6
1877	132	0
1878	336	215
1879	48	19
1880	46	22
1881	1619	397
1882	152	106
1883	36	0
1884	1792	921
1885	873	474
1886	137	77
1887	1195	768
1888	37	16
1889	786	471
1890	15	10
1891	533	352
1892	64	43
1893	19	14
1894	147	74
1895	460	301
1896	451	281
1897	76	25
1898	327	249
1899	112	69
1900	63	50
1901	498	435
1902	290	211
1903	3219	2430
1904	170	123
1905	84	52
1906	100	45
1907	31	20
1908	1485	0
1909	123	5
1910	4925	3329
1911	475	291
1912	1566	996
1913	1296	797
1914	119	79
1915	16	0
1916	1389	1006
1917	156	3
1918	149	65
1919	678	429
1920	4122	66
1921	972	649
1922	149	104
1923	40	24
1924	3636	2263
1925	86	65
1926	692	4
1927	831	451
1928	499	253
1929	1153	448
1930	10	7
1931	294	184
1932	5124	3746
1933	102	40
1934	157	69
1935	981	643
1936	124	70
1937	822	5
1938	170	100
1939	175	135
1940	4	3
1941	17	6
1942	1709	17
1943	2083	1155
1944	2289	1381
1945	105	41
1946	798	492
1947	122	73
1948	538	321
1949	229	0
1950	512	183
1951	283	189
1952	1185	782
1953	1370	1008
1954	278	248
1955	43	27
1956	107	0
1957	558	63
1958	1063	716
1959	113	0
1960	594	375
1961	103	58
1962	1790	881
1963	90	63
1964	52	28
1965	2127	1136
1966	1482	799
1967	484	257
1968	761	307
1969	701	351
1970	119	64
1971	916	538
1972	180	97
1973	199	139
1974	103	0
1975	213	0
1976	163	100
1977	433	0
1978	297	157
1979	142	101
1980	295	1
1981	1192	641
1982	1395	658
1983	126	1
1984	914	533
1985	553	290
1986	2454	8
1987	1216	565
1988	49	1
1989	36	0
1990	36	0
1991	321	4
1992	401	245
1993	14	0
1994	147	27
1995	491	316
1996	1134	910
1997	724	4
1998	465	345
1999	4	0
2000	142	102
2001	92	59
2002	63	34
2003	1952	1202
2004	839	557
2005	452	373
2006	1813	1007
2007	602	11
2008	256	104
2009	365	273
2010	213	2
2011	473	343
2012	426	369
2013	354	213
2014	728	487
2015	125	0
2016	217	0
2017	35	17
2018	846	583
2019	320	2
2020	242	206
2021	642	404
2022	836	641
2023	1616	1078
2024	1733	1188
2025	85	61
2026	51	32
2027	38	10
2028	27	14
2029	117	38
2030	239	105
2031	64	26
2032	109	41
2033	256	8
2034	25	0
2035	32	0
2036	508	356
2037	111	76
2038	1391	181
2039	155	0
2040	142	58
2041	1087	770
2042	37	0
2043	3	0
2044	8	5
2045	563	317
2046	442	277
2047	254	0
2048	734	472
2049	43	30
2050	3158	1927
2051	242	133
2052	132	70
2053	675	359
2054	707	437
2055	83	30
2056	60	37
2057	557	293
2058	224	149
2059	669	507
2060	56	0
2061	247	0
2062	603	437
2063	996	419
2064	185	86
2065	425	202
2066	108	51
2067	124	84
2068	696	0
2069	930	681
2070	464	241
2071	193	69
2072	235	120
2073	171	120
2074	1286	12
2075	1786	1200
2076	390	24
2077	471	370
2078	887	708
2079	238	0
2080	241	190
2081	310	209
2082	656	509
2083	1732	1004
2084	258	175
2085	438	276
2086	785	502
2087	403	226
2088	1112	598
2089	161	83
2090	385	283
2091	273	193
2092	257	187
2093	566	417
2094	1754	807
2095	66	0
2096	538	431
2097	309	226
2098	83	12
2099	74	0
2100	279	0
2101	68	42
2102	332	195
2103	706	424
2104	25	0
2105	277	185
2106	103	63
2107	31	0
2108	202	122
2109	211	1
2110	1557	1234
2111	54	38
2112	655	473
2113	337	214
2114	388	186
2115	1112	876
2116	1317	885
2117	109	72
2118	2945	1762
2119	311	185
2120	487	6
2121	149	64
2122	1688	627
2123	7	3
2124	223	72
2125	453	282
2126	43	26
2127	429	222
2128	955	702
2129	207	96
2130	390	136
2131	8	0
2132	233	133
2133	785	480
2134	642	416
2135	191	38
2136	414	49
2137	3	0
2138	6	2
2139	322	166
2140	269	168
2141	84	52
2142	1298	874
2143	199	180
2144	631	463
2145	134	0
2146	50	3
2147	432	290
2148	127	69
2149	156	113
2150	856	500
2151	2838	1449
2152	2744	1526
2153	159	97
2154	219	149
2155	187	146
2156	347	184
2157	241	151
2158	139	0
2159	2	0
2160	314	132
2161	13	0
2162	177	122
2163	373	239
2164	591	320
2165	25	0
2166	208	123
2167	121	99
2168	57	13
2169	119	90
2170	273	84
2171	143	63
2172	1616	1072
2173	470	280
2174	1092	833
2175	115	36
2176	627	199
2177	372	0
2178	478	324
2179	1103	825
2180	182	145
2181	11	6
2182	310	229
2183	214	52
2184	417	114
2185	287	0
2186	846	555
2187	536	378
2188	3	0
2189	199	88
2190	103	81
2191	7	1
2192	517	375
2193	139	96
2194	354	241
2195	70	54
2196	271	200
2197	206	112
2198	282	208
2199	697	486
2200	16	2
2201	151	0
2202	238	59
2203	44	0
2204	265	171
2205	392	176
2206	145	0
2207	2221	1565
2208	1323	847
2209	131	97
2210	273	186
2211	875	493
2212	1179	563
2213	134	3
2214	200	113
2215	344	237
2216	7	0
2217	803	107
2218	204	153
2219	13	3
2220	324	173
2221	267	189
2222	168	125
2223	792	586
2224	49	44
2225	96	68
2226	485	269
2227	818	491
2228	109	69
2229	63	42
2230	13	0
2231	97	63
2232	504	324
2233	98	77
2234	40	0
2235	611	422
2236	749	273
2237	140	87
2238	2067	644
2239	19	9
2240	430	302
2241	5	0
2242	21	2
2243	236	180
2244	47	0
2245	886	642
2246	42	8
2247	1120	913
2248	1043	724
2249	307	126
2250	474	347
2251	299	95
2252	419	0
2253	1114	817
2254	184	102
2255	588	295
2256	274	92
2257	214	116
2258	440	301
2259	595	414
2260	72	28
2261	63	39
2262	834	243
2263	51	30
2264	1028	8
2265	488	379
2266	581	441
2267	1137	622
2268	35	17
2269	516	359
2270	28	21
2271	590	422
2272	528	393
2273	801	484
2274	1374	925
2275	184	108
2276	1298	823
2277	1869	1243
2278	75	57
2279	94	49
2280	433	185
2281	733	409
2282	2391	755
2283	859	508
2284	426	346
2285	2183	162
2286	216	139
2287	164	131
2288	27	0
2289	127	72
2290	83	0
2291	74	35
2292	190	0
2293	201	92
2294	616	378
2295	476	36
2296	11	4
2297	184	44
2298	32	0
2299	223	142
2300	46	31
2301	240	32
2302	181	98
2303	516	433
2304	384	248
2305	121	26
2306	236	176
2307	595	403
2308	65	0
2309	206	96
2310	309	180
2311	1378	914
2312	82	49
2313	398	252
2314	238	83
2315	129	0
2316	1	0
2317	211	96
2318	433	305
2319	94	62
2320	521	285
2321	133	93
2322	560	401
2323	243	174
2324	521	248
2325	873	612
2326	36	0
2327	770	644
2328	784	545
2329	662	459
2330	427	177
2331	94	2
2332	361	258
2333	336	170
2334	231	161
2335	176	102
2336	1295	5
2337	28	14
2338	17	13
2339	539	352
2340	176	101
2341	1572	1016
2342	511	252
2343	722	529
2344	509	121
2345	258	118
2346	122	100
2347	171	120
2348	921	72
2349	1061	673
2350	788	511
2351	54	0
2352	401	244
2353	272	78
2354	504	376
2355	114	43
2356	365	303
2357	345	249
2358	377	239
2359	496	297
2360	208	0
2361	114	72
2362	175	123
2363	8	0
2364	187	67
2365	1059	559
2366	357	115
2367	360	243
2368	755	0
2369	854	509
2370	29	10
2371	1140	802
2372	579	328
2373	48	18
2374	177	119
2375	470	306
2376	828	635
2377	840	193
2378	658	487
2379	1005	3
2380	164	0
2381	242	146
2382	82	32
2383	907	616
2384	164	110
2385	785	374
2386	67	31
2387	79	63
2388	1486	826
2389	361	223
2390	963	623
2391	1525	1010
2392	79	40
2393	115	74
2394	144	87
2395	189	93
2396	341	240
2397	469	373
2398	316	218
2399	59	39
2400	267	208
2401	73	33
2402	1199	626
2403	188	5
2404	588	440
2405	817	547
2406	103	0
2407	195	0
2408	111	65
2409	403	263
2410	515	226
2411	514	394
2412	452	205
2413	64	14
2414	844	410
2415	392	265
2416	1519	1099
2417	14	0
2418	390	82
2419	959	505
2420	284	61
2421	149	96
2422	97	64
2423	2691	1822
2424	221	144
2425	65	37
2426	331	129
2427	446	304
2428	499	0
2429	353	0
2430	377	115
2431	671	217
2432	52	0
2433	72	46
2434	409	343
2435	682	500
2436	41	19
2437	16	13
2438	141	53
2439	309	237
2440	29	12
2441	1378	6
2442	311	1
2443	66	33
2444	303	0
2445	5	0
2446	338	23
2447	274	107
2448	1550	1064
2449	1397	945
2450	238	81
2451	340	1
2452	150	41
2453	20	0
2454	55	39
2455	1311	905
2456	64	39
2457	1020	524
2458	588	344
2459	208	43
2460	724	493
2461	8	5
2462	254	90
2463	364	259
2464	330	0
2465	2	1
2466	62	46
2467	24	0
2468	23	0
2469	52	39
2470	171	135
2471	913	593
2472	632	209
2473	625	9
2474	290	130
2475	1295	648
2476	114	55
2477	767	412
2478	4	0
2479	508	343
2480	1309	904
2481	45	37
2482	994	621
2483	20	11
2484	264	106
2485	203	146
2486	438	346
2487	413	293
2488	901	656
2489	1731	1136
2490	66	51
2491	186	140
2492	329	46
2493	128	28
2494	293	221
2495	28	7
2496	2	0
2497	877	681
2498	9	0
2499	259	0
2500	777	536
2501	1372	788
2502	388	261
2503	148	0
2504	2311	1770
2505	502	285
2506	937	4
2507	611	389
2508	548	364
2509	999	694
2510	519	298
2511	1730	577
2512	241	142
2513	808	481
2514	2612	1985
2515	627	456
2516	452	1
2517	23	0
2518	2060	1254
2519	790	365
2520	63	43
2521	24	0
2522	199	50
2523	239	165
2524	1625	1174
2525	81	51
2526	156	0
2527	423	235
2528	289	167
2529	167	0
2530	66	47
2531	430	2
2532	3	0
2533	93	57
2534	69	56
2535	770	477
2536	476	313
2537	259	203
2538	43	29
2539	156	97
2540	261	141
2541	499	131
2542	1832	1466
2543	96	41
2544	7	0
2545	114	79
2546	594	329
2547	1298	938
2548	566	410
2549	960	557
2550	333	251
2551	766	559
2552	195	106
2553	289	211
2554	33	16
2555	449	298
2556	352	240
2557	76	47
2558	178	0
2559	259	173
2560	407	351
2561	356	0
2562	175	81
2563	354	3
2564	256	87
2565	950	660
2566	445	1
2567	51	22
2568	1247	846
2569	355	228
2570	1536	3
2571	3806	2242
2572	48	35
2573	422	208
2574	671	251
2575	23	0
2576	635	463
2577	116	43
2578	25	0
2579	322	267
2580	539	410
2581	1379	0
2582	798	451
2583	1016	640
2584	282	135
2585	496	6
2586	463	270
2587	1377	714
2588	611	396
2589	131	99
2590	1614	8
2591	217	97
2592	233	100
2593	657	384
2594	635	5
2595	265	108
2596	1143	4
2597	69	52
2598	48	36
2599	132	74
2600	820	577
2601	490	373
2602	312	188
2603	314	239
2604	6	0
2605	256	192
2606	861	453
2607	16	8
2608	125	49
2609	20	7
2610	401	272
2611	329	195
2612	1908	1300
2613	276	193
2614	36	17
2615	165	0
2616	60	41
2617	195	60
2618	508	313
2619	563	345
2620	1138	717
2621	395	265
2622	2172	849
2623	1029	589
2624	73	36
2625	249	180
2626	1307	26
2627	975	637
2628	362	289
2629	161	80
2630	132	40
2631	215	139
2632	91	0
2633	147	71
2634	399	300
2635	507	316
2636	22	15
2637	366	276
2638	189	66
2639	218	146
2640	1462	713
2641	157	0
2642	85	51
2643	192	95
2644	279	196
2645	554	392
2646	48	15
2647	392	221
2648	491	354
2649	276	159
2650	57	0
2651	692	447
2652	39	29
2653	30	15
2654	457	3
2655	203	141
2656	752	455
2657	52	26
2658	1406	502
2659	185	149
2660	84	60
2661	363	317
2662	140	67
2663	294	207
2664	91	37
2665	128	80
2666	822	620
2667	47	0
2668	30	18
2669	910	648
2670	626	296
2671	931	9
2672	180	132
2673	423	332
2674	53	30
2675	1169	844
2676	178	66
2677	354	211
2678	317	261
2679	1326	801
2680	226	130
2681	524	378
2682	105	50
2683	462	339
2684	446	302
2685	363	0
2686	179	124
2687	209	125
2688	174	128
2689	1147	698
2690	209	100
2691	396	280
2692	424	285
2693	2	1
2694	52	4
2695	416	280
2696	495	222
2697	37	0
2698	22	0
2699	407	272
2700	954	655
2701	198	147
2702	286	115
2703	236	95
2704	467	353
2705	58	47
2706	279	202
2707	158	0
2708	37	23
2709	829	612
2710	97	0
2711	750	30
2712	1748	428
2713	538	356
2714	165	112
2715	398	257
2716	197	58
2717	1272	953
2718	60	0
2719	1345	1016
2720	1085	29
2721	99	0
2722	145	84
2723	556	268
2724	63	39
2725	1015	620
2726	10	4
2727	214	97
2728	826	481
2729	548	313
2730	137	0
2731	18	1
2732	122	35
2733	367	172
2734	1766	3
2735	55	40
2736	705	496
2737	772	472
2738	11	7
2739	50	22
2740	65	0
2741	343	212
2742	114	46
2743	152	124
2744	98	0
2745	192	90
2746	352	155
2747	2233	1694
2748	631	331
2749	1392	879
2750	946	574
2751	341	201
2752	87	64
2753	623	434
2754	120	9
2755	180	114
2756	183	0
2757	92	53
2758	413	362
2759	214	133
2760	330	219
2761	19	5
2762	970	592
2763	48	37
2764	835	479
2765	784	457
2766	323	102
2767	119	0
2768	9	7
2769	158	121
2770	684	378
2771	389	243
2772	549	373
2773	49	40
2774	142	3
2775	1144	553
2776	262	156
2777	513	268
2778	449	302
2779	376	0
2780	28	0
2781	111	54
2782	458	282
2783	271	217
2784	113	0
2785	21	0
2786	573	418
2787	270	125
2788	182	108
2789	743	298
2790	54	0
2791	153	113
2792	269	121
2793	60	40
2794	114	60
2795	911	531
2796	1259	869
2797	68	27
2798	15	0
2799	197	134
2800	140	100
2801	22	0
2802	69	0
2803	133	0
2804	43	30
2805	361	217
2806	863	639
2807	499	409
2808	18	15
2809	162	58
2810	203	127
2811	23	7
2812	217	130
2813	144	0
2814	65	47
2815	36	17
2816	1253	785
2817	475	372
2818	117	0
2819	240	182
2820	570	347
2821	1295	692
2822	76	25
2823	1003	618
2824	279	183
2825	216	171
2826	1201	5
2827	92	42
2828	206	0
2829	491	267
2830	733	450
2831	399	253
2832	788	457
2833	866	614
2834	1144	881
2835	2	0
2836	76	64
2837	1166	563
2838	81	65
2839	1141	662
2840	107	64
2841	46	0
2842	464	327
2843	216	0
2844	60	0
2845	255	190
2846	454	319
2847	45	0
2848	336	234
2849	164	99
2850	532	372
2851	1233	855
2852	1799	1151
2853	90	0
2854	2312	1449
2855	73	35
2856	225	147
2857	74	0
2858	11	0
2859	25	16
2860	354	241
2861	16	0
2862	87	57
2863	663	4
2864	524	99
2865	1727	1194
2866	40	21
2867	11	7
2868	281	107
2869	235	134
2870	300	84
2871	71	21
2872	354	297
2873	196	0
2874	231	176
2875	207	145
2876	89	48
2877	1339	621
2878	266	0
2879	97	68
2880	662	466
2881	638	472
2882	751	0
2883	1099	704
2884	551	382
2885	410	239
2886	34	12
2887	616	311
2888	68	0
2889	95	33
2890	596	0
2891	1576	4
2892	539	327
2893	226	72
2894	5	0
2895	16	8
2896	48	22
2897	317	182
2898	967	600
2899	60	33
2900	229	157
2901	272	0
2902	334	191
2903	281	142
2904	484	374
2905	41	31
2906	451	244
2907	68	42
2908	1183	800
2909	64	38
2910	181	117
2911	116	0
2912	190	128
2913	180	105
2914	952	791
2915	320	200
2916	216	174
2917	29	14
2918	183	151
2919	411	307
2920	246	0
2921	55	0
2922	40	4
2923	1281	747
2924	186	83
2925	112	0
2926	154	113
2927	76	37
2928	155	81
2929	203	0
2930	797	0
2931	21	11
2932	1297	891
2933	478	316
2934	110	12
2935	606	378
2936	807	417
2937	630	8
2938	407	185
2939	83	59
2940	641	362
2941	590	275
2942	88	64
2943	671	505
2944	61	0
2945	147	83
2946	63	0
2947	61	22
2948	17	14
2949	97	52
2950	1126	711
2951	99	59
2952	116	68
2953	140	118
2954	342	0
2955	221	159
2956	606	23
2957	29	0
2958	163	130
2959	391	332
2960	556	409
2961	859	625
2962	1639	9
2963	97	0
2964	773	544
2965	125	35
2966	1162	624
2967	15	2
2968	150	103
2969	224	179
2970	232	2
2971	265	181
2972	174	1
2973	96	14
2974	23	12
2975	45	22
2976	44	0
2977	323	63
2978	95	58
2979	472	287
2980	800	432
2981	986	571
2982	300	30
2983	849	353
2984	87	41
2985	378	226
2986	795	6
2987	50	0
2988	201	140
2989	427	283
2990	71	32
2991	153	80
2992	23	12
2993	34	28
2994	2	1
2995	1254	1007
2996	234	99
2997	937	787
2998	37	29
2999	41	31
3000	29	25
3001	232	136
3002	97	35
3003	978	554
3004	25	0
3005	13	6
3006	22	9
3007	84	57
3008	77	65
3009	209	158
3010	176	130
3011	491	1
3012	736	552
3013	972	762
3014	35	1
3015	123	0
3016	44	19
3017	98	66
3018	1560	1
3019	480	269
3020	149	88
3021	267	4
3022	13	0
3023	1978	1279
3024	193	0
3025	25	7
3026	135	76
3027	972	569
3028	725	489
3029	348	0
3030	340	197
3031	50	36
3032	85	46
3033	274	167
3034	951	761
3035	461	310
3036	917	554
3037	251	141
3038	248	160
3039	331	209
3040	92	59
3041	598	274
3042	32	14
3043	281	95
3044	218	168
3045	488	413
3046	289	195
3047	623	17
3048	169	113
3049	293	213
3050	56	23
3051	508	0
3052	84	45
3053	115	74
3054	1110	755
3055	16	5
3056	314	146
3057	342	183
3058	107	45
3059	362	233
3060	1426	835
3061	433	269
3062	32	10
3063	570	239
3064	80	61
3065	203	0
3066	106	0
3067	3	2
3068	53	8
3069	291	146
3070	575	356
3071	57	0
3072	22	0
3073	594	447
3074	62	53
3075	72	56
3076	1223	826
3077	122	31
3078	128	66
3079	11	0
3080	390	0
3081	481	296
3082	66	45
3083	33	22
3084	372	280
3085	28	11
3086	101	34
3087	792	416
3088	97	50
3089	247	178
3090	595	309
3091	317	207
3092	61	48
3093	241	186
3094	377	136
3095	380	279
3096	673	491
3097	22	9
3098	340	259
3099	353	255
3100	326	240
3101	96	2
3102	3	0
3103	167	90
3104	284	161
3105	556	420
3106	584	197
3107	610	410
3108	993	786
3109	909	445
3110	405	260
3111	1482	787
3112	456	261
3113	275	151
3114	218	40
3115	105	83
3116	552	391
3117	677	390
3118	743	509
3119	20	13
3120	787	541
3121	574	80
3122	198	2
3123	137	92
3124	288	179
3125	306	192
3126	455	196
3127	22	16
3128	1902	1238
3129	743	578
3130	231	158
3131	87	53
3132	13	6
3133	1882	1312
3134	121	0
3135	223	152
3136	297	165
3137	454	309
3138	1419	942
3139	207	0
3140	793	582
3141	125	0
3142	145	136
3143	427	10
3144	221	0
3145	130	94
3146	7	5
3147	576	423
3148	19	0
3149	1149	853
3150	404	296
3151	507	367
3152	487	122
3153	337	235
3154	268	147
3155	191	154
3156	35	25
3157	347	238
3158	33	18
3159	297	0
3160	97	52
3161	33	20
3162	1357	936
3163	112	88
3164	264	0
3165	356	265
3166	228	158
3167	146	0
3168	297	207
3169	91	50
3170	507	351
3171	169	84
3172	449	3
3173	112	0
3174	477	324
3175	80	61
3176	239	0
3177	259	23
3178	62	42
3179	87	0
3180	1262	786
3181	316	0
3182	188	115
3183	219	102
3184	996	729
3185	800	569
3186	38	22
3187	497	319
3188	13	0
3189	159	0
3190	385	297
3191	432	202
3192	76	56
3193	577	0
3194	497	355
3195	84	12
3196	371	248
3197	18	2
3198	506	463
3199	155	0
3200	419	277
3201	17	12
3202	389	257
3203	296	0
3204	126	88
3205	118	67
3206	84	57
3207	138	113
3208	47	26
3209	193	160
3210	275	166
3211	434	254
3212	110	61
3213	19	0
3214	70	25
3215	88	0
3216	383	0
3217	91	64
3218	2	0
3219	70	51
3220	112	101
3221	435	249
3222	181	109
3223	89	69
3224	103	46
3225	446	159
3226	188	0
3227	46	15
3228	864	607
3229	256	160
3230	779	446
3231	25	13
3232	87	0
3233	385	230
3234	12	6
3235	550	2
3236	52	22
3237	1144	678
3238	117	51
3239	63	0
3240	5	2
3241	457	227
3242	203	148
3243	32	23
3244	571	307
3245	591	5
3246	8	3
3247	385	243
3248	528	230
3249	342	206
3250	468	341
3251	1101	865
3252	2390	1327
3253	340	255
3254	418	273
3255	284	197
3256	39	0
3257	620	0
3258	4	0
3259	22	0
3260	550	441
3261	23	8
3262	127	0
3263	1653	1059
3264	734	490
3265	16	7
3266	656	253
3267	312	246
3268	664	392
3269	65	49
3270	3	1
3271	154	70
3272	761	576
3273	104	62
3274	58	30
3275	1065	732
3276	302	200
3277	25	0
3278	1093	2
3279	179	100
3280	58	21
3281	140	5
3282	11	0
3283	380	282
3284	1162	698
3285	181	116
3286	11	0
3287	1069	770
3288	249	170
3289	667	503
3290	4	0
3291	1845	1268
3292	96	0
3293	741	354
3294	114	0
3295	251	170
3296	187	64
3297	541	367
3298	36	8
3299	76	39
3300	21	9
3301	358	228
3302	71	53
3303	1767	996
3304	10	1
3305	205	0
3306	1099	705
3307	109	54
3308	93	0
3309	44	16
3310	16	15
3311	219	120
3312	84	59
3313	81	42
3314	81	57
3315	14	6
3316	7	3
3317	1538	12
3318	562	364
3319	429	154
3320	95	70
3321	1290	785
3322	315	225
3323	10	0
3324	6	0
3325	115	93
3326	486	376
3327	146	50
3328	209	0
3329	161	117
3330	130	0
3331	47	31
3332	67	57
3333	398	160
3334	298	154
3335	126	82
3336	81	59
3337	538	408
3338	23	15
3339	1139	690
3340	59	31
3341	449	347
3342	89	0
3343	2760	1640
3344	54	25
3345	421	252
3346	400	0
3347	832	0
3348	38	25
3349	232	194
3350	3	0
3351	331	270
3352	23	8
3353	113	0
3354	80	3
3355	33	23
3356	183	53
3357	74	65
3358	296	223
3359	336	0
3360	276	191
3361	264	0
3362	112	76
3363	252	180
3364	340	1
3365	47	34
3366	376	270
3367	130	83
3368	81	50
3369	4	0
3370	112	0
3371	237	150
3372	23	0
3373	105	74
3374	35	24
3375	35	16
3376	55	32
3377	223	125
3378	829	442
3379	94	47
3380	23	10
3381	3	3
3382	97	75
3383	164	98
3384	210	159
3385	111	3
3386	29	19
3387	447	230
3388	274	172
3389	8	3
3390	11	0
3391	170	125
3392	271	2
3393	10	4
3394	509	347
3395	58	32
3396	13	0
3397	91	0
3398	136	88
3399	8	5
3400	1	0
3401	394	332
3402	1052	832
3403	6	5
3404	301	208
3405	54	26
3406	540	349
3407	243	123
3408	59	0
3409	259	92
3410	1547	986
3411	478	281
3412	494	154
3413	31	20
3414	725	532
3415	24	15
3416	428	0
3417	109	51
3418	406	200
3419	493	349
3420	147	102
3421	169	127
3422	1062	0
3423	295	0
3424	297	219
3425	831	536
3426	86	0
3427	203	132
3428	697	359
3429	123	78
3430	440	390
3431	616	371
3432	256	196
3433	118	68
3434	324	207
3435	901	683
3436	1088	412
3437	11	0
3438	799	308
3439	100	0
3440	69	1
3441	62	0
3442	87	43
3443	1077	476
3444	875	582
3445	136	96
3446	1184	17
3447	340	169
3448	24	16
3449	427	0
3450	1426	933
3451	32	9
3452	49	34
3453	396	179
3454	63	51
3455	19	0
3456	1	0
3457	31	15
3458	56	31
3459	68	0
3460	160	119
3461	42	27
3462	191	0
3463	945	725
3464	114	20
3465	803	396
3466	30	0
3467	271	0
3468	742	486
3469	243	156
3470	82	72
3471	49	32
3472	15	11
3473	16	4
3474	268	195
3475	19	19
3476	33	26
3477	29	0
3478	267	151
3479	205	105
3480	504	0
3481	26	5
3482	321	220
3483	1512	872
3484	212	177
3485	17	0
3486	589	452
3487	5	2
3488	91	76
3489	311	256
3490	109	89
3491	163	0
3492	224	153
3493	30	0
3494	140	101
3495	101	44
3496	272	168
3497	633	432
3498	20	8
3499	98	0
3500	15	0
3501	59	0
3502	234	52
3503	272	163
3504	78	0
3505	35	0
3506	322	256
3507	19	0
3508	25	0
3509	175	102
3510	767	471
3511	1	0
3512	102	79
3513	515	376
3514	2	1
3515	99	0
3516	499	331
3517	102	71
3518	207	0
3519	31	0
3520	8	2
3521	452	2
3522	33	19
3523	168	122
3524	35	25
3525	2	1
3526	2	2
3527	567	363
3528	370	300
3529	233	138
3530	59	45
3531	299	0
3532	24	14
3533	52	34
3534	145	111
3535	545	415
3536	228	60
3537	414	187
3538	41	16
3539	49	36
3540	55	0
3541	22	13
3542	106	47
3543	45	0
3544	30	29
3545	904	561
3546	745	467
3547	52	40
3548	942	631
3549	248	176
3550	27	19
3551	78	0
3552	2097	1231
3553	627	409
3554	1457	1138
3555	236	161
3556	97	23
3557	157	110
3558	296	227
3559	331	99
3560	364	0
3561	406	246
3562	45	22
3563	714	5
3564	7	2
3565	295	76
3566	52	0
3567	172	117
3568	96	74
3569	599	392
3570	78	60
3571	206	0
3572	37	13
3573	218	164
3574	303	210
3575	112	0
3576	116	61
3577	666	512
3578	182	154
3579	113	63
3580	122	75
3581	19	7
3582	619	0
3583	1686	446
3584	11	7
3585	36	0
3586	3741	0
3587	1177	2
3588	39	28
3589	68	16
3590	467	305
3591	169	0
3592	359	196
3593	476	362
3594	298	141
3595	2	0
3596	571	0
3597	42	0
3598	130	68
3599	594	421
3600	360	295
3601	1	0
3602	592	274
3603	19	7
3604	434	313
3605	146	0
3606	396	299
3607	103	59
3608	27	0
3609	6	0
3610	39	0
3611	77	48
3612	190	0
3613	197	36
3614	239	130
3615	679	458
3616	1272	911
3617	666	170
3618	221	55
3619	50	5
3620	333	267
3621	20	15
3622	371	258
3623	117	77
3624	414	1
3625	278	6
3626	2	1
3627	50	41
3628	195	155
3629	177	92
3630	14	7
3631	177	98
3632	501	0
3633	213	0
3634	226	169
3635	263	168
3636	73	35
3637	219	144
3638	523	354
3639	155	113
3640	598	0
3641	22	0
3642	402	0
3643	126	0
3644	19	14
3645	400	204
3646	387	303
3647	24	0
3648	84	45
3649	554	345
3650	117	48
3651	157	103
3652	15	0
3653	441	130
3654	692	422
3655	211	0
3656	607	440
3657	53	15
3658	264	205
3659	130	94
3660	4	1
3661	406	308
3662	612	347
3663	26	21
3664	34	25
3665	245	183
3666	809	653
3667	15	0
3668	29	0
3669	10	7
3670	155	116
3671	420	325
3672	9	7
3673	7	1
3674	585	330
3675	400	264
3676	110	0
3677	248	117
3678	121	84
3679	277	174
3680	542	323
3681	87	69
3682	197	114
3683	164	128
3684	269	13
3685	56	45
3686	43	23
3687	239	163
3688	349	210
3689	445	237
3690	607	339
3691	260	212
3692	96	52
3693	96	54
3694	196	104
3695	16	0
3696	126	70
3697	4	0
3698	1562	873
3699	1	1
3700	471	329
3701	149	87
3702	1294	208
3703	160	0
3704	266	192
3705	39	0
3706	281	4
3707	139	96
3708	50	44
3709	668	30
3710	59	34
3711	40	0
3712	392	82
3713	94	72
3714	91	75
3715	3	1
3716	96	34
3717	47	31
3718	321	0
3719	331	244
3720	750	28
3721	408	0
3722	375	203
3723	661	435
3724	130	103
3725	77	50
3726	247	178
3727	516	284
3728	84	60
3729	81	38
3730	66	38
3731	447	134
3732	4	0
3733	425	1
3734	46	18
3735	1826	1244
3736	132	98
3737	284	184
3738	48	30
3739	15	10
3740	7	0
3741	18	0
3742	52	0
3743	59	28
3744	1	0
3745	981	624
3746	763	574
3747	221	148
3748	492	374
3749	1244	0
3750	97	67
3751	339	241
3752	240	147
3753	76	37
3754	162	126
3755	117	81
3756	439	247
3757	1681	1249
3758	64	0
3759	7	2
3760	129	88
3761	24	20
3762	8	4
3763	10	4
3764	1	0
3765	90	46
3766	690	475
3767	191	80
3768	28	0
3769	14	0
3770	258	136
3771	55	42
3772	75	0
3773	298	160
3774	316	213
3775	86	65
3776	12	0
3777	366	252
3778	94	38
3779	228	170
3780	64	34
3781	55	30
3782	324	52
3783	130	0
3784	110	6
3785	162	98
3786	5	0
3787	407	262
3788	576	440
3789	11	0
3790	296	149
3791	125	89
3792	211	59
3793	79	32
3794	307	162
3795	62	55
3796	619	3
3797	21	15
3798	32	14
3799	21	18
3800	1068	780
3801	146	0
3802	8	5
3803	30	24
3804	5	0
3805	277	41
3806	689	448
3807	6	1
3808	22	8
3809	438	0
3810	129	88
3811	83	0
3812	88	0
3813	16	10
3814	55	11
3815	2	1
3816	76	45
3817	163	0
3818	772	640
3819	88	56
3820	11	0
3821	37	0
3822	45	0
3823	36	33
3824	289	275
3825	580	0
3826	140	0
3827	24	0
3828	9	0
3829	561	360
3830	483	306
3831	295	178
3832	19	0
3833	26	18
3834	158	41
3835	66	2
3836	18	3
3837	123	68
3838	327	265
3839	88	0
3840	534	322
3841	15	10
3842	25	15
3843	27	11
3844	1221	821
3845	214	0
3846	1	1
3847	711	103
3848	359	309
3849	338	225
3850	58	0
3851	614	454
3852	102	77
3853	140	67
3854	77	57
3855	64	36
3856	7	7
3857	287	221
3858	327	220
3859	42	21
3860	285	201
3861	31	17
3862	134	0
3863	105	0
3864	133	0
3865	10	0
3866	28	19
3867	1395	11
3868	910	386
3869	150	68
3870	151	101
3871	95	64
3872	278	192
3873	136	89
3874	5	2
3875	78	0
3876	552	351
3877	453	118
3878	26	14
3879	83	9
3880	429	3
3881	22	9
3882	609	387
3883	34	20
3884	45	0
3885	57	1
3886	37	27
3887	291	218
3888	21	0
3889	6	0
3890	94	0
3891	157	120
3892	247	0
3893	34	0
3894	392	259
3895	246	142
3896	485	50
3897	204	95
3898	684	374
3899	289	131
3900	326	201
3901	83	61
3902	31	29
3903	122	0
3904	851	301
3905	22	7
3906	562	379
3907	793	555
3908	630	455
3909	124	17
3910	1	0
3911	91	74
3912	13	6
3913	244	110
3914	9	0
3915	237	95
3916	51	32
3917	350	92
3918	30	0
3919	1	0
3920	62	34
3921	61	27
3922	229	95
3923	268	187
3924	92	58
3925	750	434
3926	872	445
3927	420	283
3928	2	2
3929	358	267
3930	6	2
3931	186	0
3932	95	0
3933	36	16
3934	632	307
3935	286	228
3936	35	0
3937	80	58
3938	46	15
3939	21	13
3940	123	86
3941	101	93
3942	12	0
3943	643	457
3944	36	14
3945	5	5
3946	64	43
3947	14	0
3948	34	0
3949	6	3
3950	206	153
3951	43	38
3952	42	38
3953	509	384
3954	14	13
3955	787	513
3956	104	0
3957	63	51
3958	2817	6
3959	21	8
3960	338	257
3961	163	0
3962	6	4
3963	168	112
3964	106	86
3965	540	73
3966	37	28
3967	78	44
3968	45	0
3969	50	37
3970	209	186
3971	47	35
3972	200	126
3973	446	0
3974	182	78
3975	72	0
3976	323	248
3977	2	0
3978	217	64
3979	122	0
3980	21	0
3981	394	28
3982	425	303
3983	15	0
3984	5	4
3985	71	0
3986	819	340
3987	109	93
3988	473	347
3989	317	267
3990	40	9
3991	56	1
3992	329	271
3993	199	0
3994	45	21
3995	31	16
3996	85	66
3997	110	0
3998	20	4
3999	37	31
4000	595	361
4001	7	0
4002	646	438
4003	255	148
4004	850	553
4005	6	4
4006	51	32
4007	54	42
4008	43	0
4009	79	47
4010	47	0
4011	728	378
4012	430	272
4013	11	2
4014	176	0
4015	71	0
4016	4	4
4017	864	570
4018	15	11
4019	39	7
4020	4	2
4021	265	192
4022	5	2
4023	85	0
4024	72	0
4025	139	0
4026	583	132
4027	175	120
4028	71	6
4029	123	84
4030	35	25
4031	5	2
4032	19	10
4033	251	208
4034	870	472
4035	94	0
4036	198	124
4037	161	0
4038	35	0
4039	65	43
4040	80	65
4041	234	191
4042	39	0
4043	186	138
4044	309	198
4045	198	0
4046	1350	917
4047	40	28
4048	44	0
4049	1	0
4050	169	14
4051	11	0
4052	58	0
4053	673	5
4054	795	0
4055	412	299
4056	55	32
4057	1087	0
4058	92	0
4059	1474	959
4060	191	114
4061	304	0
4062	9	0
4063	5	1
4064	462	278
4065	270	0
4066	72	19
4067	267	0
4068	507	368
4069	24	14
4070	367	0
4071	62	38
4072	674	1
4073	465	327
4074	205	133
4075	30	25
4076	262	152
4077	105	68
4078	43	11
4079	15	9
4080	43	30
4081	17	10
4082	80	55
4083	798	500
4084	4	0
4085	1	0
4086	77	0
4087	89	63
4088	7	3
4089	103	68
4090	58	1
4091	8	0
4092	106	0
4093	1505	6
4094	25	0
4095	22	18
4096	47	9
4097	29	0
4098	110	73
4099	3	1
4100	30	0
4101	13	6
4102	1993	1346
4103	1	0
4104	2	0
4105	60	52
4106	190	0
4107	96	52
4108	55	0
4109	92	32
4110	425	267
4111	58	38
4112	14	3
4113	1	0
4114	597	470
4115	512	307
4116	226	144
4117	308	231
4118	18	14
4119	124	107
4120	18	17
4121	21	0
4122	48	0
4123	184	0
4124	286	216
4125	69	55
4126	13	0
4127	125	76
4128	979	504
4129	40	23
4130	498	0
4131	61	30
4132	5	0
4133	1107	596
4134	29	22
4135	57	25
4136	23	4
4137	249	166
4138	893	649
4139	6	0
4140	21	0
4141	13	11
4142	332	209
4143	144	129
4144	14	12
4145	51	38
4146	348	3
4147	37	16
4148	517	341
4149	15	10
4150	1	0
4151	36	26
4152	17	0
4153	32	25
4154	522	7
4155	36	0
4156	538	5
4157	51	37
4158	29	26
4159	9	5
4160	24	4
4161	2048	1565
4162	74	62
4163	10	4
4164	106	67
4165	49	39
4166	408	278
4167	348	218
4168	631	432
4169	4	0
4170	323	0
4171	106	0
4172	412	309
4173	428	354
4174	22	19
4175	74	0
4176	51	36
4177	151	107
4178	274	127
4179	793	621
4180	26	13
4181	155	0
4182	6	0
4183	5	2
4184	26	18
4185	7	2
4186	323	220
4187	299	200
4188	36	29
4189	104	76
4190	1	0
4191	111	0
4192	197	2
4193	104	84
4194	12	8
4195	91	44
4196	32	1
4197	4	3
4198	444	339
4199	25	19
4200	32	26
4201	1288	1014
4202	139	99
4203	8	0
4204	4	1
4205	15	13
4206	156	94
4207	4	1
4208	1	1
4209	28	0
4210	1085	26
4211	452	265
4212	12	0
4213	11	9
4214	126	99
4215	182	137
4216	6	2
4217	40	23
4218	34	0
4219	64	43
4220	126	74
4221	471	296
4222	107	0
4223	81	0
4224	49	35
4225	13	0
4226	4	2
4227	381	0
4228	6	4
4229	4	3
4230	209	159
4231	258	105
4232	448	36
4233	12	11
4234	11	5
4235	110	69
4236	13	0
4237	325	302
4238	53	39
4239	37	0
4240	9	8
4241	98	0
4242	12	10
4243	110	68
4244	298	50
4245	3	0
4246	143	96
4247	39	11
4248	220	0
4249	52	0
4250	85	37
4251	88	0
4252	1	1
4253	26	21
4254	1361	687
4255	7	0
4256	12	9
4257	460	258
4258	169	0
4259	18	0
4260	116	0
4261	10	0
4262	624	438
4263	138	102
4264	136	108
4265	267	51
4266	22	0
4267	174	128
4268	108	72
4269	689	495
4270	31	0
4271	28	0
4272	161	0
4273	2	2
4274	68	49
4275	523	466
4276	693	472
4277	17	0
4278	199	154
4279	138	108
4280	314	224
4281	6	5
4282	1200	925
4283	236	183
4284	30	0
4285	31	29
4286	48	0
4287	22	4
4288	226	171
4289	18	11
4290	193	33
4291	68	53
4292	132	2
4293	78	27
4294	144	70
4295	103	0
4296	267	222
4297	12	11
4298	60	0
4299	79	55
4300	19	0
4301	27	0
4302	260	141
4303	20	10
4304	897	0
4305	98	73
4306	4	4
4307	3	3
4308	557	141
4309	122	73
4310	38	28
4311	819	547
4312	4	4
4313	8	0
4314	380	222
4315	419	309
4316	60	50
4317	346	198
4318	57	27
4319	11	8
4320	17	4
4321	463	0
4322	12	9
4323	32	28
4324	7	0
4325	39	18
4326	172	144
4327	31	31
4328	10	9
4329	3	2
4330	117	0
4331	31	0
4332	20	12
4333	4	4
4334	217	164
4335	39	0
4336	646	41
4337	26	0
4338	24	0
4339	290	211
4340	21	15
4341	10	0
4342	254	160
4343	87	64
4344	39	23
4345	37	23
4346	24	0
4347	35	33
4348	30	25
4349	116	99
4350	290	85
4351	310	273
4352	152	49
4353	974	736
4354	3	3
4355	21	15
4356	4	2
4357	3	0
4358	7	6
4359	23	0
4360	241	167
4361	599	459
4362	57	23
4363	9	6
4364	32	26
4365	3	0
4366	120	70
4367	4	2
4368	89	67
4369	3	3
4370	27	18
4371	183	0
4372	75	58
4373	15	0
4374	212	104
4375	42	13
4376	302	215
4377	41	29
4378	8	3
4379	132	0
4380	6	3
4381	664	0
4382	943	532
4383	447	124
4384	535	84
4385	90	0
4386	294	0
4387	2	0
4388	39	27
4389	556	420
4390	83	78
4391	98	76
4392	76	0
4393	275	0
4394	65	52
4395	46	28
4396	106	76
4397	55	43
4398	11	0
4399	39	23
4400	54	0
4401	5	0
4402	333	0
4403	13	12
4404	9	7
4405	142	0
4406	218	43
4407	222	0
4408	2	1
4409	220	133
4410	9	0
4411	22	10
4412	8	7
4413	61	50
4414	2	0
4415	411	143
4416	88	61
4417	91	61
4418	1	0
4419	46	39
4420	17	0
4421	1559	1234
4422	59	26
4423	27	0
4424	150	0
4425	114	96
4426	33	0
4427	82	75
4428	50	11
4429	57	47
4430	19	15
4431	145	111
4432	237	163
4433	372	266
4434	3	0
4435	32	20
4436	90	59
4437	65	0
4438	2	0
4439	74	46
4440	31	0
4441	123	0
4442	141	95
4443	158	0
4444	372	181
4445	93	38
4446	174	110
4447	7	5
4448	80	60
4449	95	0
4450	81	0
4451	27	0
4452	75	61
4453	411	204
4454	12	2
4455	820	589
4456	8	8
4457	3	0
4458	812	7
4459	54	8
4460	113	73
4461	1016	765
4462	65	61
4463	13	3
4464	196	132
4465	30	21
4466	58	50
4467	68	0
4468	227	37
4469	18	10
4470	7	5
4471	21	8
4472	2	2
4473	8	5
4474	11	5
4475	137	0
4476	20	11
4477	20	0
4478	25	0
4479	29	0
4480	196	123
4481	38	0
4482	20	18
4483	145	70
4484	5	0
4485	198	0
4486	161	107
4487	331	267
4488	3	2
4489	25	0
4490	184	0
4491	450	268
4492	13	3
4493	22	0
4494	26	0
4495	320	294
4496	215	134
4497	530	224
4498	34	9
4499	99	74
4500	216	126
4501	130	0
4502	5	0
4503	5	4
4504	6	0
4505	21	0
4506	269	207
4507	1192	782
4508	103	80
4509	19	14
4510	128	86
4511	122	81
4512	308	98
4513	122	0
4514	1	0
4515	159	98
4516	71	0
4517	8	0
4518	7	4
4519	2	0
4520	106	43
4521	1	0
4522	4	4
4523	121	0
4524	346	0
4525	30	14
4526	1	1
4527	1	0
4528	11	4
4529	334	0
4530	359	257
4531	163	111
4532	74	32
4533	146	0
4534	10	0
4535	50	0
4536	41	35
4537	93	1
4538	469	0
4539	296	0
4540	205	149
4541	33	21
4542	21	0
4543	8	0
4544	140	25
4545	37	33
4546	5	0
4547	140	91
4548	89	55
4549	212	92
4550	10	4
4551	20	12
4552	49	0
4553	25	19
4554	301	211
4555	93	73
4556	16	0
4557	755	498
4558	11	0
4559	53	0
4560	186	0
4561	94	60
4562	105	61
4563	18	0
4564	22	18
4565	259	173
4566	173	109
4567	11	0
4568	8	8
4569	284	171
4570	162	36
4571	46	42
4572	239	149
4573	27	12
4574	12	0
4575	3	1
4576	9	9
4577	449	343
4578	194	148
4579	59	0
4580	152	23
4581	9	0
4582	56	49
4583	3	2
4584	2	0
4585	50	34
4586	20	15
4587	6	5
4588	8	0
4589	158	0
4590	230	0
4591	93	47
4592	138	102
4593	77	51
4594	227	183
4595	59	39
4596	30	12
4597	82	64
4598	20	10
4599	2	0
4600	178	103
4601	5	1
4602	22	0
4603	21	20
4604	24	11
4605	39	0
4606	50	0
4607	409	213
4608	187	0
4609	193	139
4610	2	1
4611	27	23
4612	17	11
4613	137	90
4614	45	0
4615	52	40
4616	21	16
4617	324	259
4618	115	0
4619	215	144
4620	38	0
4621	16	0
4622	195	129
4623	145	41
4624	4	1
4625	137	114
4626	67	39
4627	4	0
4628	2	0
4629	19	0
4630	123	10
4631	19	0
4632	201	0
4633	4	4
4634	22	9
4635	14	5
4636	108	0
4637	61	56
4638	36	28
4639	2	0
4640	14	0
4641	284	0
4642	158	0
4643	13	8
4644	44	0
4645	130	101
4646	10	8
4647	28	10
4648	226	0
4649	123	56
4650	1	1
4651	48	0
4652	206	161
4653	26	0
4654	8	6
4655	810	668
4656	126	0
4657	40	25
4658	132	68
4659	7	5
4660	26	0
4661	63	39
4662	11	0
4663	2	1
4664	239	107
4665	187	0
4666	79	0
4667	163	0
4668	33	27
4669	3	2
4670	346	180
4671	2	0
4672	338	281
4673	459	335
4674	8	0
4675	102	58
4676	112	0
4677	29	0
4678	639	383
4679	139	119
4680	2	0
4681	120	96
4682	63	13
4683	157	0
4684	629	500
4685	17	0
4686	59	0
4687	10	5
4688	1	1
4689	16	14
4690	33	0
4691	24	17
4692	218	148
4693	567	1
4694	513	323
4695	101	0
4696	139	45
4697	7	0
4698	18	0
4699	23	23
4700	5	3
4701	63	0
4702	4	0
4703	30	19
4704	167	145
4705	231	150
4706	117	67
4707	152	0
4708	10	0
4709	11	0
4710	47	23
4711	83	49
4712	186	146
4713	37	34
4714	293	217
4715	4	0
4716	8	0
4717	38	0
4718	17	15
4719	7	5
4720	171	109
4721	277	202
4722	2	0
4723	50	0
4724	34	21
4725	49	0
4726	305	199
4727	61	47
4728	296	136
4729	53	24
4730	84	63
4731	46	34
4732	59	0
4733	10	1
4734	117	0
4735	9	0
4736	437	231
4737	128	74
4738	101	0
4739	193	0
4740	11	0
4741	36	31
4742	178	103
4743	77	64
4744	20	0
4745	161	0
4746	51	0
4747	709	461
4748	32	22
4749	17	0
4750	13	2
4751	21	0
4752	1	0
4753	46	21
4754	8	0
4755	10	0
4756	351	274
4757	97	71
4758	355	0
4759	236	194
4760	9	6
4761	101	56
4762	352	242
4763	238	194
4764	89	0
4765	35	1
4766	39	0
4767	210	105
4768	35	0
4769	14	0
4770	57	0
4771	46	0
4772	2	0
4773	30	0
4774	20	0
4775	389	303
4776	3	0
4777	77	60
4778	139	94
4779	10	7
4780	39	25
4781	14	0
4782	71	51
4783	9	0
4784	138	106
4785	151	4
4786	205	0
4787	7	0
4788	28	14
4789	58	49
4790	273	0
4791	953	6
4792	22	0
4793	7	0
4794	2	2
4795	564	61
4796	12	11
4797	984	717
4798	115	90
4799	66	42
4800	5	0
4801	113	48
4802	290	245
4803	40	34
4804	7	0
4805	162	115
4806	296	0
4807	98	58
4808	1	0
4809	36	0
4810	21	4
4811	57	49
4812	62	0
4813	9	8
4814	90	55
4815	13	0
4816	5	2
4817	528	0
4818	8	0
4819	82	0
4820	1	0
4821	21	13
4822	74	52
4823	18	8
4824	178	0
4825	151	121
4826	15	9
4827	53	1
4828	34	0
4829	14	0
4830	130	0
4831	1	0
4832	3	0
4833	1	1
4834	6	0
4835	10	0
4836	16	0
4837	36	0
4838	19	0
4839	51	31
4840	2	0
4841	169	148
4842	222	161
4843	4767	1656
4844	224	201
4845	1811	1030
4846	3392	1912
4847	1476	1033
4848	488	383
4849	2195	1040
4850	292	208
4851	1530	929
4852	238	181
4853	1181	29
4854	2214	1536
4855	3676	2149
4856	280	225
4857	3706	3063
4858	444	26
4859	182	146
4860	283	188
4861	859	602
4862	215	92
4863	44	32
4864	527	403
4865	320	257
4866	420	350
4867	903	567
4868	1039	490
4869	236	111
4870	1068	830
4871	2240	1833
4872	706	6
4873	1983	6
4874	1246	816
4875	874	668
4876	844	6
4877	1050	604
4878	2024	1589
4879	1115	8
4880	421	352
4881	1	0
4882	57	43
4883	63	38
4884	645	530
4885	830	0
4886	61	0
4887	291	172
4888	3415	18
4889	541	380
4890	1914	1476
4891	1457	608
4892	3524	2674
4893	942	457
4894	168	0
4895	2928	2211
4896	1290	4
4897	154	102
4898	1770	761
4899	146	103
4900	1164	895
4901	1544	878
4902	1146	453
4903	711	528
4904	644	439
4905	3904	2423
4906	333	238
4907	893	514
4908	234	179
4909	1159	501
4910	1199	856
4911	400	214
4912	1453	914
4913	618	479
4914	6180	4555
4915	584	68
4916	538	430
4917	1156	776
4918	2402	1865
4919	688	500
4920	535	363
4921	705	3
4922	1291	81
4923	1593	89
4924	569	432
4925	252	161
4926	2202	1064
4927	301	181
4928	214	164
4929	402	227
4930	526	397
4931	759	462
4932	719	3
4933	5107	3699
4934	482	376
4935	277	129
4936	1509	745
4937	526	269
4938	35	30
4939	1016	713
4940	298	164
4941	262	7
4942	607	268
4943	1026	589
4944	302	176
4945	637	4
4946	955	193
4947	178	72
4948	2749	1939
4949	862	513
4950	725	495
4951	356	271
4952	251	189
4953	1349	999
4954	1210	791
4955	1226	882
4956	2548	1538
4957	982	623
4958	669	485
4959	3166	1984
4960	2386	1652
4961	1610	1351
4962	255	170
4963	1534	1096
4964	1253	747
4965	581	302
4966	1024	598
4967	52	36
4968	159	133
4969	721	4
4970	2420	1378
4971	337	0
4972	1020	694
4973	473	366
4974	1376	941
4975	539	372
4976	235	136
4977	218	189
4978	418	0
4979	991	707
4980	808	569
4981	426	3
4982	362	270
4983	539	307
4984	425	0
4985	275	168
4986	557	8
4987	2078	1504
4988	1365	832
4989	426	6
4990	166	0
4991	45	0
4992	99	1
4993	203	0
4994	4379	951
4995	360	242
4996	418	290
4997	486	390
4998	5510	4145
4999	255	163
5000	341	242
5001	135	114
5002	4182	2946
5003	1930	36
5004	433	324
5005	2437	1879
5006	3755	2996
5007	1117	505
5008	185	129
5009	651	13
5010	1961	1081
5011	225	146
5012	1513	482
5013	135	91
5014	323	208
5015	1288	580
5016	385	306
5017	14	0
5018	1002	801
5019	3629	2790
5020	1654	1040
5021	1322	1038
5022	195	0
5023	964	451
5024	220	0
5025	296	54
5026	1728	1396
5027	2328	1870
5028	106	77
5029	1140	450
5030	908	605
5031	406	236
5032	424	255
5033	135	0
5034	1977	1444
5035	1883	1267
5036	2325	995
5037	539	273
5038	416	303
5039	103	88
5040	2939	1014
5041	786	408
5042	282	0
5043	1565	879
5044	186	116
5045	62	48
5046	670	548
5047	563	350
5048	201	170
5049	107	0
5050	1267	939
5051	724	546
5052	986	655
5053	1177	775
5054	129	73
5055	902	485
5056	757	435
5057	1023	382
5058	285	147
5059	85	59
5060	94	0
5061	11	5
5062	695	2
5063	367	1
5064	128	105
5065	99	76
5066	1244	835
5067	905	2
5068	389	284
5069	483	193
5070	1747	1400
5071	414	237
5072	1175	21
5073	35	25
5074	742	533
5075	903	539
5076	2329	1609
5077	332	4
5078	230	147
5079	1164	862
5080	3963	2988
5081	871	659
5082	131	90
5083	794	500
5084	738	596
5085	1600	1201
5086	576	9
5087	1980	1297
5088	104	0
5089	290	250
5090	74	51
5091	501	315
5092	877	705
5093	296	233
5094	127	88
5095	724	503
5096	93	66
5097	3116	2575
5098	1211	958
5099	653	323
5100	2078	1322
5101	353	258
5102	1023	742
5103	531	415
5104	2146	1704
5105	34	23
5106	361	287
5107	705	512
5108	1382	988
5109	206	0
5110	939	225
5111	665	439
5112	141	110
5113	260	142
5114	775	644
5115	771	451
5116	201	141
5117	2737	1977
5118	3918	1937
5119	569	6
5120	782	456
5121	404	265
5122	1500	750
5123	286	196
5124	378	243
5125	1318	940
5126	37	31
5127	399	285
5128	684	323
5129	11	0
5130	124	50
5131	11	0
5132	142	102
5133	702	375
5134	83	0
5135	228	0
5136	457	291
5137	867	76
5138	139	78
5139	1280	2
5140	166	1
5141	949	547
5142	17	14
5143	677	432
5144	226	172
5145	248	169
5146	203	139
5147	1148	562
5148	464	204
5149	428	0
5150	388	242
5151	1425	894
5152	118	99
5153	43	20
5154	1474	986
5155	180	116
5156	128	76
5157	613	427
5158	68	53
5159	1592	6
5160	253	178
5161	714	210
5162	581	476
5163	563	502
5164	127	0
5165	692	491
5166	174	119
5167	477	384
5168	785	416
5169	300	12
5170	1302	778
5171	568	433
5172	81	65
5173	353	2
5174	666	406
5175	813	0
5176	551	387
5177	64	0
5178	565	303
5179	1317	1127
5180	836	514
5181	444	140
5182	869	634
5183	513	267
5184	69	45
5185	650	376
5186	283	193
5187	78	63
5188	222	170
5189	206	146
5190	279	217
5191	232	169
5192	843	707
5193	1281	913
5194	2444	1884
5195	44	27
5196	980	658
5197	66	38
5198	387	271
5199	533	354
5200	466	377
5201	2066	1277
5202	695	492
5203	156	4
5204	152	102
5205	683	493
5206	401	320
5207	25	21
5208	429	365
5209	962	364
5210	1671	1413
5211	124	77
5212	37	7
5213	1755	1248
5214	491	353
5215	67	17
5216	91	36
5217	166	75
5218	374	289
5219	272	1
5220	1125	651
5221	304	133
5222	577	1
5223	1020	578
5224	710	70
5225	28	15
5226	637	533
5227	29	26
5228	589	432
5229	188	137
5230	536	1
5231	67	38
5232	438	281
5233	37	0
5234	859	569
5235	264	0
5236	14	11
5237	43	14
5238	139	0
5239	121	69
5240	327	236
5241	5	3
5242	277	207
5243	184	119
5244	26	0
5245	108	0
5246	684	333
5247	521	407
5248	519	404
5249	357	0
5250	364	226
5251	227	0
5252	122	47
5253	548	344
5254	122	2
5255	177	170
5256	333	0
5257	30	18
5258	1286	733
5259	189	156
5260	469	0
5261	1176	167
5262	531	175
5263	59	0
5264	252	125
5265	375	215
5266	222	177
5267	175	60
5268	25	0
5269	821	0
5270	51	27
5271	1190	761
5272	229	58
5273	28	22
5274	262	0
5275	814	476
5276	213	135
5277	247	193
5278	3909	21
5279	209	0
5280	1353	945
5281	232	56
5282	1074	784
5283	410	303
5284	948	674
5285	2882	2249
5286	270	187
5287	86	74
5288	160	101
5289	7	0
5290	374	334
5291	226	0
5292	46	34
5293	336	273
5294	115	87
5295	267	0
5296	217	179
5297	72	58
5298	134	96
5299	318	227
5300	148	129
5301	236	188
5302	868	663
5303	360	0
5304	54	36
5305	70	0
5306	915	553
5307	1027	609
5308	10	5
5309	254	163
5310	88	61
5311	23	15
5312	255	200
5313	49	0
5314	137	0
5315	3790	2773
5316	1374	1015
5317	446	252
5318	548	0
5319	131	115
5320	51	37
5321	584	0
5322	1574	1182
5323	83	69
5324	509	1
5325	30	26
5326	180	0
5327	102	0
5328	197	0
5329	82	2
5330	632	269
5331	83	0
5332	70	0
5333	332	0
5334	241	175
5335	181	126
5336	67	51
5337	113	74
5338	485	243
5339	5	4
5340	9	9
5341	238	147
5342	471	278
5343	143	2
5344	63	30
5345	81	78
5346	233	219
5347	608	42
5348	189	0
5349	733	538
5350	35	29
5351	356	0
5352	2177	887
5353	218	97
5354	139	71
5355	14	0
5356	631	490
5357	59	0
5358	116	83
5359	776	574
5360	67	42
5361	108	59
5362	802	474
5363	654	551
5364	46	0
5365	92	79
5366	9	7
5367	494	325
5368	20	0
5369	45	0
5370	24	0
5371	41	32
5372	296	194
5373	402	55
5374	482	360
5375	211	0
5376	226	2
5377	260	223
5378	435	311
5379	81	0
5380	688	274
5381	633	442
5382	25	0
5383	198	22
5384	390	0
5385	250	113
5386	60	40
5387	92	68
5388	344	26
5389	74	0
5390	129	0
5391	167	120
5392	72	57
5393	120	0
5394	246	0
5395	27	25
5396	67	0
5397	846	408
5398	39	29
5399	8	6
5400	316	162
5401	507	331
5402	695	627
5403	36	30
5404	3	2
5405	152	62
5406	185	152
5407	6	6
5408	183	138
5409	304	0
5410	55	38
5411	684	514
5412	234	0
5413	35	32
5414	39	30
5415	4	2
5416	391	284
5417	460	343
5418	394	287
5419	337	257
5420	38	19
5421	2761	1924
5422	326	244
5423	219	0
5424	413	298
5425	56	43
5426	1127	740
5427	349	205
5428	70	26
5429	425	207
5430	1772	575
5431	123	0
5432	172	152
5433	636	331
5434	280	0
5435	314	248
5436	80	39
5437	4	4
5438	145	92
5439	10	10
5440	175	137
5441	282	74
5442	125	0
5443	63	0
5444	363	127
5445	157	41
5446	161	61
5447	56	44
5448	195	119
5449	63	41
5450	9	0
5451	167	0
5452	46	39
5453	335	0
5454	802	260
5455	1	0
5456	66	48
5457	105	25
5458	285	117
5459	140	1
5460	275	172
5461	167	0
5462	109	0
5463	14	0
5464	22	12
5465	187	151
5466	36	0
5467	249	1
5468	151	12
5469	93	71
5470	66	1
5471	23	0
5472	851	23
5473	55	0
5474	262	209
5475	22	19
5476	80	60
5477	104	1
5478	221	177
5479	63	52
5480	380	87
5481	382	257
5482	25	0
5483	55	0
5484	55	29
5485	143	0
5486	234	0
5487	102	77
5488	16	0
5489	316	83
5490	13	10
5491	40	33
5492	199	140
5493	533	3
5494	15	10
5495	59	47
5496	309	2
5497	279	0
5498	88	0
5499	384	350
5500	140	65
5501	25	16
5502	22	17
5503	253	5
5504	38	0
5505	331	28
5506	55	0
5507	259	181
5508	150	19
5509	11	4
5510	620	362
5511	6	3
5512	582	0
5513	17	0
5514	304	202
5515	20	7
5516	158	131
5517	41	7
5518	38	21
5519	38	35
5520	37	18
5521	149	62
5522	3	0
5523	85	0
5524	300	2
5525	12	8
5526	182	143
5527	196	144
5528	101	0
5529	11	7
5530	8	6
5531	247	0
5532	166	0
5533	133	100
5534	136	94
5535	41	28
5536	107	48
5537	15	14
5538	34	0
5539	57	0
5540	854	186
5541	161	0
5542	298	231
5543	12	0
5544	385	313
5545	280	209
5546	3	3
5547	1007	0
5548	477	0
5549	2	0
5550	318	190
5551	137	89
5552	43	0
5553	135	102
5554	686	530
5555	510	1
5556	195	111
5557	197	146
5558	74	64
5559	23	20
5560	56	0
5561	9	0
5562	2737	2015
5563	313	226
5564	79	45
5565	147	53
5566	18	0
5567	131	0
5568	698	168
5569	256	127
5570	61	27
5571	388	3
5572	27	13
5573	27	18
5574	27	0
5575	149	75
5576	4	0
5577	49	26
5578	14	0
5579	236	0
5580	1	0
5581	61	46
5582	133	0
5583	197	140
5584	574	373
5585	105	71
5586	111	0
5587	165	0
5588	114	61
5589	92	0
5590	24	15
5591	163	153
5592	142	114
5593	28	26
5594	90	54
5595	77	1
5596	27	23
5597	20	19
5598	95	84
5599	3	3
5600	117	103
5601	70	48
5602	32	0
5603	15	7
5604	7	0
5605	81	0
5606	22	9
5607	48	0
5608	41	2
5609	194	0
5610	17	12
5611	34	14
5612	12	0
5613	181	0
5614	25	11
5615	4	3
5616	105	76
5617	44	33
5618	116	0
5619	140	96
5620	472	341
5621	203	0
5622	1	0
5623	509	413
5624	111	87
5625	157	128
5626	155	0
5627	84	0
5628	32	27
5629	85	69
5630	165	0
5631	33	23
5632	16	12
5633	105	0
5634	229	150
5635	309	6
5636	10	9
5637	14	12
5638	48	23
5639	85	0
5640	13	0
5641	13	0
5642	60	0
5643	20	0
5644	34	28
5645	7	6
5646	72	0
5647	557	329
5648	13	0
5649	178	0
5650	191	0
5651	88	0
5652	8	0
5653	110	88
5654	33	0
5655	143	107
5656	26	14
5657	111	15
5658	26	16
5659	40	36
5660	68	59
5661	60	47
5662	1	0
5663	134	0
5664	8	6
5665	62	48
5666	101	0
5667	46	29
5668	121	1
5669	56	0
5670	65	25
5671	73	0
5672	216	2
5673	11	0
5674	24	17
5675	107	4
5676	85	7
5677	17	12
5678	202	0
5679	183	0
5680	77	57
5681	13	11
5682	66	8
5683	10	0
5684	83	72
5685	74	41
5686	26	18
5687	301	2
5688	42	16
5689	138	68
5690	35	22
5691	466	0
5692	61	35
5693	8	8
5694	21	0
5695	7	5
5696	63	22
5697	102	69
5698	47	31
5699	20	17
5700	75	0
5701	18	11
5702	80	56
5703	104	77
5704	59	0
5705	8	1
5706	28	18
5707	79	0
5708	129	68
5709	19	2
5710	141	98
5711	8	4
5712	43	0
5713	19	0
5714	35	17
5715	4	0
5716	26	20
5717	23	15
5718	52	38
5719	48	0
5720	59	0
5721	7	2
5722	59	0
5723	503	377
5724	31	31
5725	9	5
5726	413	355
5727	14	0
5728	339	0
5729	6	0
5730	41	0
5731	25	15
5732	26	0
5733	396	1
5734	12	0
5735	11	0
5736	3	0
5737	19	0
5738	106	64
5739	52	49
5740	11	7
5741	64	53
5742	130	97
5743	41	35
5744	25	0
5745	64	0
5746	18	0
5747	101	70
5748	44	35
5749	4	0
5750	94	0
5751	79	60
5752	9	6
5753	26	0
5754	17	1
5755	18	11
5756	242	0
5757	568	420
5758	17	0
5759	43	25
5760	65	0
5761	2	0
5762	31	0
5763	27	20
5764	32	22
5765	62	0
5766	34	0
5767	6	0
5768	12	0
5769	177	154
5770	3	1
5771	34	0
5772	37	1
5773	41	0
5774	134	93
5775	46	24
5776	1	1
5777	10	0
5778	14	0
5779	8	0
5780	17	0
5781	64	0
5782	12	4
5783	16	0
5784	27	20
5785	36	8
5786	11	7
5787	16	0
5788	155	0
5789	92	0
5790	110	91
5791	7	0
5792	51	25
5793	11	0
5794	569	322
5795	12	0
5796	27	0
5797	6	2
5798	9	0
5799	33	24
5800	55	0
5801	2	0
5802	7	5
5803	22	17
5804	39	24
5805	1	0
5806	12	0
5807	11	0
5808	175	0
5809	4	2
5810	2	0
5811	1	0
5812	82	31
5813	110	0
5814	4	2
5815	3	0
5816	44	38
5817	46	0
5818	24	21
5819	13	0
5820	4	0
5821	160	0
5822	2	0
5823	26	0
5824	17	0
5825	117	72
5826	13	0
5827	252	0
5828	8	7
5829	34	30
5830	7	6
5831	8	0
5832	82	0
5833	9	0
5834	9	0
5835	15	12
5836	46	41
5837	100	0
5838	40	32
5839	23	19
5840	6	5
5841	2	0
5842	7	0
5843	24	0
5844	16	12
5845	14	11
5846	6	3
5847	399	0
5848	14	0
5849	7	0
5850	10	6
5851	12	0
5852	103	0
5853	2	0
5854	183	0
5855	5	0
5856	316	271
5857	7	0
5858	288	180
5859	2	1
5860	15	12
5861	30	20
5862	3	1
5863	839	631
5864	12	7
5865	22	0
5866	19	1
5867	514	354
5868	113	0
5869	64	12
5870	12	0
5871	1	0
5872	19	13
5873	78	0
5874	5	0
5875	88	67
5876	2	1
5877	1	0
5878	40	0
5879	1	0
5880	4	0
5881	82	0
5882	28	22
5883	7	0
5884	79	0
5885	30	0
5886	36	0
5887	10	10
5888	20	0
5889	3	0
5890	1	0
5891	257	0
5892	9	0
5893	792	485
5894	126	0
5895	109	0
5896	364	0
5897	245	116
5898	762	435
5899	930	529
5900	999	629
5901	114	44
5902	234	184
5903	49	0
5904	24	11
5905	14	12
5906	988	682
5907	1091	744
5908	6	0
5909	36	0
5910	190	150
5911	131	108
5912	59	43
5913	168	86
5914	19	0
5915	16	9
5916	264	174
5917	1244	2
5918	1	1
5919	10	3
5920	199	54
5921	4	4
5922	14	0
5923	165	137
5924	403	267
5925	5	0
5926	8	8
5927	13	0
5928	85	25
5929	36	25
5930	5	0
5931	3	1
5932	1	0
5933	10	8
5934	285	0
5935	314	204
5936	344	251
5937	3	0
5938	16	11
5939	1	0
5940	12	10
5941	11	8
5942	430	0
5943	1	0
5944	15	13
5945	18	8
5946	3	0
5947	7	6
5948	1	0
5949	13	0
5950	22	3
5951	14	7
5952	3	0
5953	467	358
5954	286	0
5955	4	3
5956	370	263
5957	167	137
5958	194	0
5959	70	0
5960	7	5
5961	47	0
5962	16	13
5963	69	0
5964	30	0
5965	287	40
5966	409	297
5967	291	180
5968	22	15
5969	1	0
5970	1	0
5971	3	0
5972	3	0
5973	2	0
5974	3	0
5975	97	0
5976	2	0
5977	3	0
5978	2	0
5979	2	0
5980	163	110
5981	3	0
5982	48	0
5983	12	0
5984	5	0
5985	14	9
5986	40	0
5987	39	12
5988	1	0
5989	187	55
5990	7	0
5991	45	39
5992	4	0
5993	2	0
5994	3	0
5995	15	1
5996	13	9
5997	3	2
5998	10	0
5999	24	0
6000	2	0
6001	2	0
6002	5	0
6003	99	0
6004	39	0
6005	91	25
6006	260	0
6007	2	0
6008	40	0
6009	57	0
6010	12	6
6011	61	0
6012	1	0
6013	5	0
6014	6	0
6015	34	1
6016	2	1
6017	2	0
6018	8	0
6019	2	0
6020	15	0
6021	149	118
6022	21	13
6023	5	0
6024	18	5
6025	15	0
6026	4	1
6027	93	56
6028	10	0
6029	4	1
6030	300	1
6031	12	11
6032	5	2
6033	43	0
6034	1	1
6035	3	0
6036	2	0
6037	15	0
6038	230	1
6040	37	0
6041	5	0
6042	4	0
6043	1	0
6044	1	0
6045	81	0
6046	362	186
6047	2	0
6048	127	0
6049	13	0
6050	10	0
6051	1	0
6052	29	0
6053	7	0
6054	6	0
6055	7	2
6056	57	0
6057	7	6
6058	1	0
6059	2375	1204
6061	2	0
6062	1	1
6063	72	0
6064	4	2
6065	1	0
6066	24	0
6067	9	0
6068	52	0
6069	39	0
6070	6	0
6071	2	2
6073	1	0
6075	52	0
6077	1	0
6079	4	1
6080	1	0
6081	1	0
6082	1	0
6083	2	1
6084	166	105
6085	3	0
6086	153	57
6087	4	0
6088	504	346
6089	1241	828
6090	1	0
6091	115	0
6092	80	68
6093	1	0
6094	7	1
6095	1	1
6096	2	0
6097	760	474
6098	97	0
6099	181	10
6100	2	0
6101	1	0
6102	44	0
6103	27	9
6104	111	8
6105	12	0
6106	1	0
6107	5	2
6108	6	0
6109	6	0
6110	3	0
6111	8	0
6112	3	0
6113	1	0
6114	1	0
6115	274	227
6117	1	0
6118	2	1
6119	5	0
6120	1	0
6121	1	0
6122	125	0
6123	404	333
6124	3	0
6125	1	0
6126	2	0
6127	71	0
6128	1	1
6129	3	0
6130	5	0
6131	15	7
6132	1	1
6133	3	0
6134	3	0
6135	28	0
6136	1	0
6137	1	0
6138	3	0
6139	3	0
6140	323	187
6141	36	0
6142	1	1
6143	2	0
6144	1	0
6145	12	0
6146	33	0
6147	1	0
6148	49	0
6149	3	2
6150	2	0
6151	1	0
6152	1	0
6153	49	33
6154	3	0
6155	2	1
6156	6	0
6158	70	25
6159	3	0
6160	40	28
6161	1	0
6162	2	0
6163	1	1
6164	97	0
6165	2	1
6166	82	0
6167	22	0
6169	47	1
6170	1	0
6171	1	0
6172	5	4
6173	2	0
6174	90	69
6175	5	3
6176	4	0
6177	115	70
6178	1	0
6179	3	2
6180	12	9
6181	5	5
6183	59	12
6184	2	0
6185	79	0
6186	1	0
6187	240	0
6188	122	0
6189	46	0
6190	9	9
6191	33	28
6192	49	0
6193	115	14
6194	2	1
6195	1	0
6196	24	0
6198	5	0
6199	7	0
6201	11	0
6202	2	0
6203	2	0
6204	42	0
6205	27	0
6206	28	18
6207	126	72
6208	23	0
6209	38	15
6210	12	0
6211	1	0
6212	4	0
6213	514	332
6214	155	85
6215	122	43
6216	316	181
6217	1	0
6218	34	0
6219	78	48
6220	1	0
6221	95	27
6222	1	0
6223	3	0
6224	2	2
6225	1	0
6226	1	0
6227	38	0
6228	31	0
6229	6	2
6230	47	0
6231	4	0
6232	45	0
6233	20	0
6234	113	82
6235	201	3
6236	1	1
6237	1	0
6238	1	0
6239	2	0
6240	4	0
6242	82	0
6243	1	0
6244	121	0
6245	95	0
6246	1	0
6247	1	0
6248	1	0
6249	1	0
6250	1	0
6251	2	0
6252	81	45
6253	2	0
6254	24	18
6255	1	0
6256	5	0
6257	1	1
6258	75	19
6259	1	0
6260	1	0
6261	1	0
6262	139	0
6263	1	0
6264	6	3
6265	1	0
6266	1	0
6267	1	0
6268	46	30
6269	206	0
6270	2	0
6271	1	0
6272	40	0
6273	14	0
6274	1	0
6275	1	0
6276	5	0
6277	2	0
6279	6	0
6280	134	95
6281	69	0
6282	1	0
6283	6	1
6284	1	1
6285	13	0
6286	1	0
6287	75	38
6288	67	0
6289	3	0
6290	81	0
6291	57	0
6292	1	0
6293	7	4
6294	4	0
6295	2	0
6297	1	0
6298	16	10
6300	34	0
6301	25	0
6302	6	0
6303	32	0
6305	2	0
6306	65	0
6307	444	211
6308	58	0
6309	452	273
6310	233	113
6311	3	0
6312	1	1
6313	4	0
6314	47	0
6315	2	0
6316	25	13
6317	13	0
6318	5	0
6319	8	7
6320	1	0
6321	2	0
6322	1	0
6323	7	0
6324	2	0
6325	1	0
6326	3	0
6327	1	0
6328	5	0
6329	1	0
6330	7	0
6331	1	0
6332	2	0
6333	1	0
6334	2	0
6335	13	7
6336	72	2
6337	148	102
6338	65	0
6339	4	0
6340	2	0
6341	75	5
6342	16	0
6343	2	0
6344	28	19
6345	54	39
6346	90	0
6347	223	169
6348	35	0
6349	20	0
6350	8	0
6351	10	0
6352	2	0
6353	1	0
6354	24	0
6355	7	0
6356	56	0
6357	98	0
6358	9	0
6359	14	0
6360	20	13
6361	23	11
6362	18	0
6363	33	0
6364	2	0
6365	1	0
6366	2	0
6367	5	0
6368	25	0
6369	10	0
6370	3	0
6371	50	0
6372	83	26
6374	9	5
6375	1	0
6376	2	0
6377	64	0
6378	23	18
6379	60	43
6380	52	0
6381	6	0
6382	1	0
6383	4	0
6384	1	0
6385	1	0
6386	7	5
6387	9	0
6388	11	0
6389	7	0
6390	8	0
6391	1	0
6392	2	0
6393	132	0
6394	1	0
6395	1	0
6396	87	56
6397	71	46
6398	74	50
6399	85	50
6400	89	40
6401	2	1
6402	159	89
6403	79	46
6404	1	1
6405	41	0
6406	6	0
6407	6	0
6408	3	3
6409	86	59
6410	112	76
6411	2	0
6412	85	52
6413	1	0
6414	24	18
6415	5	0
6416	21	0
6417	6	0
6418	1	0
6419	1	0
6420	1	0
6421	1	0
6422	2	0
6423	3	0
6424	1	0
6425	11	0
6426	8	0
6427	1	0
6428	28	20
6429	1	1
6430	77	55
6431	5	0
6432	17	9
6433	4	2
6434	6	0
6435	16	8
6436	24	12
6437	1	0
6438	8	0
6439	2	0
6440	19	0
6441	1	0
6442	1	0
6443	37	1
6444	15	0
6445	1	0
6446	1	0
6447	1	0
6448	1	0
6449	34	0
6450	3	0
6451	2	0
6452	16	0
6454	3	0
6455	1	0
6456	4	0
6457	3	3
6458	23	14
6459	1	0
6460	1	0
6461	14	0
6462	2	0
6463	6	0
6464	15	13
6465	4	0
6466	2	0
6468	11	0
6469	358	0
6470	4	0
6471	30	0
6472	1	0
6473	2	0
6475	11	0
6476	2	0
6477	23	8
6478	1	0
6479	1	0
6480	10	0
6481	1	0
6482	3	0
6483	1	0
6484	1	0
6485	2	0
6486	12	0
6487	1	1
